MUNICIPIO,Dtto,SECCION,PAN,PRI,PRD,PT,PVEM,PUDC,PCC,CCM1,CCM2,VALIDOS,NULOS,TOTAL
Abasolo,16,1,223,285,0,0,0,3,0,0,0,511,3,514
Abasolo,16,2,188,94,0,0,0,0,0,0,0,282,2,284
Acuña,19,3,103,560,19,11,13,508,26,16,0,1256,15,1271
Acuña,19,4,197,732,29,18,14,1162,3,30,0,2185,21,2206
Acuña,19,5,64,217,6,4,10,343,2,6,0,652,8,660
Acuña,19,6,74,218,11,4,4,213,3,11,0,538,6,544
Acuña,19,7,78,285,17,4,12,260,1,11,0,668,10,678
Acuña,19,8,69,238,19,3,14,318,3,5,0,669,30,699
Acuña,19,9,163,733,30,8,6,1018,7,28,0,1993,48,2041
Acuña,19,10,265,1292,36,14,18,1539,10,234,0,3408,41,3449
Acuña,19,11,133,473,24,12,9,596,7,28,0,1282,25,1307
Acuña,19,12,133,559,8,10,19,740,8,29,0,1506,28,1534
Acuña,19,13,39,113,6,0,3,112,2,9,0,284,4,288
Acuña,19,14,50,197,6,5,4,197,2,11,0,472,9,481
Acuña,19,15,44,258,8,7,1,207,0,4,0,529,3,532
Acuña,19,16,66,287,7,10,11,183,1,15,0,580,8,588
Acuña,19,17,49,263,8,5,12,207,2,12,0,558,11,569
Acuña,19,18,87,398,8,15,8,404,10,14,0,944,13,957
Acuña,19,19,258,1086,49,32,26,1562,17,42,0,3072,28,3100
Acuña,19,20,98,273,6,7,9,241,1,21,0,656,5,661
Acuña,19,21,84,222,7,4,2,279,4,11,0,613,17,630
Acuña,19,22,61,221,9,8,0,216,0,3,0,518,7,525
Acuña,19,23,45,188,11,5,2,156,2,12,0,421,8,429
Acuña,19,24,118,193,5,2,4,76,1,0,0,399,4,403
Acuña,19,25,80,302,12,2,6,251,4,15,0,672,7,679
Acuña,19,26,52,149,4,3,3,205,4,4,0,424,2,426
Acuña,19,27,54,227,9,9,4,97,6,146,0,552,14,566
Acuña,19,28,70,297,6,10,3,361,3,16,0,766,13,779
Acuña,19,29,90,323,9,4,4,346,12,11,0,799,17,816
Acuña,19,30,86,368,13,8,12,277,1,6,0,771,3,774
Acuña,19,31,177,793,32,31,29,920,14,18,0,2014,24,2038
Acuña,19,32,42,266,7,4,6,118,3,9,0,455,14,469
Acuña,19,33,88,422,11,16,14,720,1,18,0,1290,17,1307
Acuña,19,34,147,858,29,13,17,689,21,15,0,1789,33,1822
Acuña,19,35,112,614,8,17,10,575,7,34,0,1377,30,1407
Acuña,19,36,81,306,4,6,18,253,2,121,0,791,17,808
Acuña,19,37,58,256,9,3,13,193,5,0,0,537,6,543
Acuña,0,38,0,0,0,0,0,0,0,0,0,0,0,0
Acuña,0,39,0,0,0,0,0,0,0,0,0,0,0,0
Acuña,19,40,2,10,0,0,1,4,0,0,0,17,0,17
Acuña,19,41,37,330,9,6,3,161,2,17,0,565,15,580
Allende,17,42,248,344,0,0,0,0,0,0,0,592,8,600
Allende,17,43,300,328,0,0,0,0,0,0,0,628,11,639
Allende,17,44,250,281,0,0,0,0,0,0,0,531,8,539
Allende,17,45,218,254,0,0,0,0,0,0,0,472,4,476
Allende,17,46,182,346,0,0,0,0,0,0,0,528,6,534
Allende,17,47,322,348,0,0,0,0,0,0,0,670,5,675
Allende,17,48,182,205,0,0,0,0,0,0,0,387,6,393
Allende,17,49,255,359,0,0,0,0,0,0,0,614,6,620
Allende,17,50,335,326,0,0,0,0,0,0,0,661,5,666
Allende,17,51,263,309,0,0,0,0,0,0,0,572,9,581
Allende,17,52,194,200,0,0,0,0,0,0,0,394,4,398
Allende,17,53,205,228,0,0,0,0,0,0,0,433,4,437
Allende,17,54,311,417,0,0,0,0,0,0,0,728,9,737
Allende,17,55,234,419,0,0,0,0,0,0,0,653,11,664
Allende,17,56,20,43,0,0,0,0,0,0,0,63,3,66
Arteaga,6,57,362,640,126,22,0,0,0,0,0,1150,25,1175
Arteaga,6,58,126,133,29,3,0,0,0,0,0,291,3,294
Arteaga,6,59,220,382,90,14,0,0,0,0,0,706,11,717
Arteaga,0,60,0,0,0,0,0,0,0,0,0,0,0,0
Arteaga,6,61,8,81,8,2,0,0,0,0,0,99,0,99
Arteaga,6,62,8,105,15,3,0,0,0,0,0,131,7,138
Arteaga,6,63,63,254,25,12,0,0,0,0,0,354,6,360
Arteaga,6,64,24,321,2,8,0,0,0,0,0,355,12,367
Arteaga,6,65,3,13,0,0,0,0,0,0,0,16,0,16
Arteaga,6,66,26,159,0,3,0,0,0,0,0,188,9,197
Arteaga,6,67,22,68,3,0,0,0,0,0,0,93,1,94
Arteaga,6,68,10,98,2,21,0,0,0,0,0,131,3,134
Arteaga,6,69,73,382,10,5,0,0,0,0,0,470,24,494
Arteaga,6,70,22,201,6,3,0,0,0,0,0,232,6,238
Arteaga,6,71,3,51,1,18,0,0,0,0,0,73,0,73
Arteaga,6,72,12,55,1,1,0,0,0,0,0,69,4,73
Arteaga,6,73,15,104,1,4,0,0,0,0,0,124,4,128
Arteaga,6,74,30,229,1,3,0,0,0,0,0,263,7,270
Arteaga,6,75,290,585,2,18,0,0,0,0,0,895,42,937
Arteaga,6,76,19,70,0,1,0,0,0,0,0,90,7,97
Arteaga,6,77,18,85,0,0,0,0,0,0,0,103,0,103
Arteaga,6,78,31,271,4,11,0,0,0,0,0,317,10,327
Arteaga,6,79,50,494,13,12,0,0,0,0,0,569,19,588
Arteaga,6,80,34,155,2,0,0,0,0,0,0,191,1,192
Candela,16,81,85,216,17,0,0,1,0,0,0,319,4,323
Candela,16,82,191,386,29,0,0,1,0,0,0,607,14,621
Candela,16,83,61,129,0,0,0,0,0,0,0,190,2,192
Castaños,15,84,104,242,306,62,0,2,0,0,0,716,14,730
Castaños,15,85,92,132,134,15,0,1,0,1,0,375,5,380
Castaños,15,86,92,125,90,8,0,0,0,0,0,315,8,323
Castaños,15,87,225,267,264,28,0,11,0,0,0,795,16,811
Castaños,15,88,125,216,305,42,0,2,0,1,0,691,5,696
Castaños,15,89,89,312,355,47,0,0,0,0,0,803,12,815
Castaños,15,90,90,258,171,68,0,3,0,0,0,590,7,597
Castaños,15,91,50,261,201,87,0,0,0,0,0,599,8,607
Castaños,15,92,65,200,199,41,0,1,0,0,0,506,8,514
Castaños,15,93,75,219,155,20,0,2,0,0,0,471,11,482
Castaños,15,94,277,211,269,21,0,2,0,0,0,780,8,788
Castaños,15,95,195,256,225,63,0,0,0,0,0,739,9,748
Castaños,15,96,195,227,200,55,0,1,0,0,0,678,9,687
Castaños,15,97,9,147,31,12,0,0,0,0,0,199,5,204
Castaños,15,98,4,49,22,8,0,0,0,0,0,83,1,84
Castaños,15,99,4,44,8,2,0,0,0,0,0,58,1,59
Castaños,0,100,0,0,0,0,0,0,0,0,0,0,0,0
Castaños,15,101,4,20,10,5,0,1,0,0,0,40,2,42
Castaños,15,102,2,53,8,1,0,0,0,0,0,64,6,70
Castaños,15,103,8,19,12,2,0,1,0,0,0,42,0,42
Castaños,15,104,10,92,32,10,0,0,0,0,0,144,7,151
Castaños,15,105,1,56,24,6,0,0,0,0,0,87,21,108
Castaños,15,106,5,58,32,9,0,0,0,0,0,104,4,108
Castaños,15,107,6,36,7,5,0,0,0,0,0,54,2,56
Castaños,15,108,1,122,6,0,0,0,0,0,0,129,1,130
Castaños,15,109,4,53,31,0,0,0,0,0,0,88,0,88
Cuatrociénegas,14,110,67,183,57,1,0,58,0,0,0,366,5,371
Cuatrociénegas,14,111,110,329,112,1,0,50,3,1,0,606,7,613
Cuatrociénegas,14,112,89,230,55,0,0,34,1,0,0,409,6,415
Cuatrociénegas,14,113,110,374,166,3,0,48,4,0,0,705,14,719
Cuatrociénegas,14,114,107,248,70,1,0,55,2,0,0,483,11,494
Cuatrociénegas,14,115,116,248,106,4,0,40,8,3,0,525,11,536
Cuatrociénegas,14,116,168,372,137,2,0,90,8,0,0,777,15,792
Cuatrociénegas,14,117,2,16,22,0,0,2,0,0,0,42,3,45
Cuatrociénegas,14,118,4,29,30,0,0,1,1,0,0,65,0,65
Cuatrociénegas,14,119,0,31,28,0,0,15,0,0,0,74,1,75
Cuatrociénegas,0,120,0,0,0,0,0,0,0,0,0,0,0,0
Cuatrociénegas,14,121,7,59,17,1,0,0,0,0,0,84,1,85
Cuatrociénegas,14,122,7,104,71,0,0,5,1,0,0,188,4,192
Cuatrociénegas,14,123,28,148,58,0,0,28,0,0,0,262,7,269
Cuatrociénegas,14,124,1,75,41,1,0,1,0,0,0,119,2,121
Cuatrociénegas,14,125,8,60,28,0,0,2,0,0,0,98,0,98
Cuatrociénegas,14,126,15,125,13,0,0,28,0,0,0,181,3,184
Escobedo,16,127,95,59,0,0,0,2,0,2,0,158,2,160
Escobedo,16,128,75,64,0,0,0,0,0,1,0,140,4,144
Escobedo,16,129,100,85,0,0,0,1,0,5,0,191,3,194
Escobedo,16,130,441,500,0,0,0,0,0,9,0,950,9,959
Francisco I. Madero,13,131,33,396,217,16,0,105,0,0,0,767,42,809
Francisco I. Madero,13,132,24,194,119,11,0,176,0,0,0,524,28,552
Francisco I. Madero,13,133,24,124,200,4,0,25,0,0,0,377,14,391
Francisco I. Madero,13,134,24,353,344,2,0,38,0,0,0,761,20,781
Francisco I. Madero,13,135,36,327,516,23,0,11,0,0,0,913,17,930
Francisco I. Madero,13,136,40,285,296,4,0,19,0,0,0,644,20,664
Francisco I. Madero,13,137,15,164,138,8,0,52,0,0,0,377,10,387
Francisco I. Madero,13,138,15,191,328,16,0,45,0,0,0,595,10,605
Francisco I. Madero,13,139,20,170,305,9,0,39,0,0,0,543,13,556
Francisco I. Madero,13,140,17,101,213,5,0,8,0,0,0,344,7,351
Francisco I. Madero,13,141,32,191,250,6,0,26,0,0,0,505,18,523
Francisco I. Madero,13,142,18,145,298,8,0,21,0,0,0,490,10,500
Francisco I. Madero,13,143,32,227,415,8,0,43,0,0,0,725,18,743
Francisco I. Madero,13,144,42,243,377,25,0,53,0,0,0,740,30,770
Francisco I. Madero,13,145,25,197,299,13,0,90,0,0,0,624,27,651
Francisco I. Madero,13,146,22,246,308,3,0,306,0,0,0,885,46,931
Francisco I. Madero,13,147,17,204,340,23,0,68,0,0,0,652,313,965
Francisco I. Madero,13,148,22,137,93,8,0,210,0,0,0,470,13,483
Francisco I. Madero,13,149,0,66,27,0,0,8,0,0,0,101,3,104
Francisco I. Madero,13,150,15,60,96,15,0,29,0,0,0,215,14,229
Francisco I. Madero,13,151,4,36,33,0,0,3,0,0,0,76,1,77
Francisco I. Madero,13,152,12,92,43,16,0,148,0,0,0,311,22,333
Francisco I. Madero,13,153,18,134,34,6,0,49,0,0,0,241,8,249
Francisco I. Madero,13,154,31,191,27,0,0,76,0,0,0,325,19,344
Francisco I. Madero,13,155,4,103,62,0,0,20,0,0,0,189,9,198
Francisco I. Madero,13,156,6,83,51,19,0,179,0,0,0,338,14,352
Francisco I. Madero,13,157,15,213,86,49,0,87,0,0,0,450,17,467
Francisco I. Madero,13,158,2,110,29,10,0,196,0,0,0,347,9,356
Francisco I. Madero,13,159,32,286,105,19,0,52,0,0,0,494,209,703
Francisco I. Madero,13,160,7,88,85,50,0,63,0,0,0,293,15,308
Francisco I. Madero,13,161,6,124,69,111,0,115,0,0,0,425,18,443
Francisco I. Madero,13,162,41,272,229,27,0,152,0,0,0,721,28,749
Francisco I. Madero,13,163,7,100,88,3,0,12,0,0,0,210,48,258
Francisco I. Madero,13,164,5,98,83,11,0,64,0,0,0,261,17,278
Francisco I. Madero,13,165,8,171,28,6,0,91,0,0,0,304,13,317
Francisco I. Madero,13,166,13,288,29,0,0,29,0,0,0,359,13,372
Francisco I. Madero,13,167,2,57,64,8,0,2,0,0,0,133,4,137
Francisco I. Madero,13,168,17,468,181,4,0,12,0,0,0,682,27,709
Francisco I. Madero,13,169,38,379,127,9,0,187,0,0,0,740,30,770
Francisco I. Madero,13,170,3,126,22,6,0,115,0,0,0,272,5,277
Francisco I. Madero,13,171,8,139,84,0,0,301,0,0,0,532,16,548
Francisco I. Madero,13,172,8,107,40,13,0,132,0,0,0,300,18,318
Frontera,14,173,234,450,19,6,6,0,26,0,0,741,7,748
Frontera,14,174,403,616,10,19,48,2,13,0,0,1111,7,1118
Frontera,14,175,217,472,14,6,6,0,15,0,0,730,2,732
Frontera,14,176,180,383,14,5,15,1,14,0,0,612,9,621
Frontera,14,177,230,426,11,8,4,1,37,0,0,717,12,729
Frontera,14,178,206,340,9,14,3,0,34,0,0,606,17,623
Frontera,14,179,216,358,7,48,8,0,34,2,0,673,13,686
Frontera,14,180,209,384,7,5,21,1,5,1,0,633,3,636
Frontera,14,181,123,281,4,1,8,0,3,0,0,420,14,434
Frontera,14,182,172,304,10,2,9,0,0,0,0,497,1,498
Frontera,14,183,122,436,6,0,5,1,0,0,0,570,5,575
Frontera,14,184,152,321,3,3,3,0,1,0,0,483,2,485
Frontera,14,185,288,460,6,2,4,1,2,0,0,763,15,778
Frontera,14,186,278,291,2,3,4,1,1,1,0,581,5,586
Frontera,14,187,266,379,13,5,6,1,2,0,0,672,4,676
Frontera,14,188,305,312,14,1,0,0,3,0,0,635,5,640
Frontera,14,189,118,206,5,2,1,0,1,1,0,334,4,338
Frontera,14,190,224,324,9,5,1,0,1,0,0,564,5,569
Frontera,14,191,161,225,9,1,2,0,0,0,0,398,1,399
Frontera,14,192,311,413,46,7,1,0,4,0,0,782,12,794
Frontera,14,193,342,402,43,2,3,0,2,0,0,794,14,808
Frontera,14,194,178,184,3,3,1,1,2,1,0,373,10,383
Frontera,14,195,326,297,5,5,2,0,8,2,0,645,3,648
Frontera,14,196,189,245,3,5,4,0,8,0,0,454,1,455
Frontera,14,197,275,353,7,3,2,0,8,0,0,648,17,665
Frontera,14,198,164,426,7,3,0,0,3,0,0,603,12,615
Frontera,14,199,254,354,11,3,5,0,20,0,0,647,11,658
Frontera,14,200,259,340,6,5,8,0,14,0,0,632,13,645
Frontera,14,201,174,177,5,0,12,0,4,0,0,372,223,595
Frontera,14,202,200,275,5,3,2,0,20,0,0,505,7,512
Frontera,14,203,243,305,5,1,3,0,6,0,0,563,6,569
Frontera,14,204,138,336,3,2,0,1,4,0,0,484,6,490
Frontera,14,205,112,184,1,4,4,0,4,0,0,309,6,315
Frontera,14,206,168,317,4,2,1,0,15,0,0,507,17,524
Frontera,14,207,191,409,7,1,1,0,17,1,0,627,4,631
Frontera,14,208,159,396,25,2,1,0,23,0,0,606,5,611
Frontera,14,209,306,312,4,3,1,0,0,0,0,626,4,630
Frontera,14,210,185,324,2,5,2,0,11,0,0,529,20,549
Frontera,14,211,206,468,9,2,1,0,0,0,0,686,4,690
Frontera,14,212,205,371,9,2,2,1,1,0,0,591,9,600
Frontera,14,213,26,83,0,0,0,0,0,0,0,109,1,110
General Cepeda,6,214,186,239,10,157,0,1,0,0,0,593,22,615
General Cepeda,6,215,159,218,6,134,0,0,0,0,0,517,13,530
General Cepeda,6,216,254,246,17,166,0,1,0,3,0,687,31,718
General Cepeda,6,217,70,149,25,12,0,0,0,0,0,256,9,265
General Cepeda,6,218,34,171,3,3,0,1,0,0,0,212,2,214
General Cepeda,6,219,9,47,4,4,0,0,0,0,0,64,1,65
General Cepeda,6,220,29,48,85,8,0,0,0,0,0,170,7,177
General Cepeda,6,221,1,29,6,5,0,0,0,0,0,41,1,42
General Cepeda,6,222,22,187,6,10,0,0,0,1,0,226,12,238
General Cepeda,6,223,35,126,2,19,0,0,0,0,0,182,0,182
General Cepeda,6,224,12,17,2,8,0,0,0,0,0,39,2,41
General Cepeda,6,225,59,118,17,8,0,0,0,0,0,202,4,206
General Cepeda,6,226,70,92,1,15,0,0,0,0,0,178,2,180
General Cepeda,6,227,50,81,0,5,0,0,0,0,0,136,6,142
General Cepeda,6,228,33,84,1,11,0,0,0,0,0,129,9,138
General Cepeda,6,229,72,82,5,14,0,0,0,0,0,173,6,179
General Cepeda,6,230,22,63,4,32,0,0,0,0,0,121,8,129
General Cepeda,6,231,89,180,5,23,0,0,0,0,0,297,16,313
General Cepeda,0,232,0,0,0,0,0,0,0,0,0,0,0,0
Guerrero,17,233,182,196,0,0,0,0,0,0,0,378,2,380
Guerrero,17,234,128,135,0,0,0,0,0,0,0,263,1,264
Guerrero,17,235,56,83,0,0,0,0,0,0,0,139,4,143
Guerrero,17,236,95,129,0,0,0,0,0,0,0,224,3,227
Guerrero,17,237,74,72,0,0,0,0,0,0,0,146,1,147
Hidalgo,17,238,85,164,0,0,0,0,0,0,0,249,5,254
Hidalgo,17,239,176,259,0,0,0,0,0,0,0,435,2,437
Jiménez,19,240,2,119,122,0,0,0,0,0,0,243,3,246
Jiménez,19,241,5,96,144,6,0,3,0,0,0,254,3,257
Jiménez,19,242,13,275,319,39,0,11,0,0,20,677,11,688
Jiménez,19,243,8,170,206,72,0,5,0,2,23,486,10,496
Jiménez,19,244,1,137,168,32,0,2,0,0,11,351,9,360
Jiménez,19,245,18,253,434,38,0,7,0,0,31,781,22,803
Jiménez,19,246,10,263,401,29,0,10,0,0,27,740,24,764
Jiménez,19,247,1,11,21,4,0,0,0,0,0,37,0,37
Jiménez,19,248,0,58,62,0,0,2,0,0,0,122,1,123
Jiménez,19,249,1,116,233,0,0,1,0,0,0,351,7,358
Juárez,18,250,126,116,0,0,0,28,0,0,0,270,9,279
Juárez,18,251,92,43,0,0,0,25,0,0,0,160,5,165
Juárez,18,252,83,72,0,0,0,52,0,0,0,207,2,209
Juárez,18,253,27,25,0,0,0,6,0,0,0,58,0,58
Juárez,18,254,27,47,0,0,0,23,0,0,0,97,3,100
Lamadrid,14,255,113,176,132,8,0,0,0,0,0,429,7,436
Lamadrid,14,256,155,250,139,13,0,0,0,0,0,557,10,567
Matamoros,7,257,278,169,29,13,0,146,2,0,0,637,16,653
Matamoros,7,258,215,376,12,7,0,262,2,0,0,874,31,905
Matamoros,7,259,250,201,21,12,0,293,9,1,0,787,30,817
Matamoros,7,260,294,348,19,31,0,320,7,2,0,1021,41,1062
Matamoros,7,261,371,184,33,49,0,275,3,3,0,918,35,953
Matamoros,7,262,431,284,21,9,0,250,1,1,0,997,34,1031
Matamoros,7,263,292,228,16,9,0,329,6,1,0,881,15,896
Matamoros,7,264,276,178,11,9,0,224,6,0,0,704,8,712
Matamoros,7,265,392,358,17,18,0,327,7,4,0,1123,14,1137
Matamoros,7,266,214,275,17,10,0,346,4,0,0,866,9,875
Matamoros,7,267,283,204,13,8,0,219,6,2,0,735,23,758
Matamoros,7,268,302,166,8,17,0,130,4,0,0,627,17,644
Matamoros,7,269,675,374,31,5,0,293,7,0,0,1385,61,1446
Matamoros,7,270,213,126,18,10,0,251,2,0,0,620,23,643
Matamoros,7,271,473,256,15,16,0,362,2,0,0,1124,26,1150
Matamoros,7,272,358,287,11,27,0,384,9,16,0,1092,40,1132
Matamoros,7,273,278,211,23,19,0,185,5,3,0,724,31,755
Matamoros,7,274,346,232,15,23,0,193,18,0,0,827,49,876
Matamoros,7,275,206,156,7,46,0,133,1,2,0,551,31,582
Matamoros,7,276,221,181,14,35,0,174,3,0,0,628,30,658
Matamoros,7,277,151,154,8,9,0,128,9,0,0,459,17,476
Matamoros,7,278,13,168,7,3,0,207,0,0,0,398,13,411
Matamoros,7,279,44,230,9,6,0,200,0,0,0,489,20,509
Matamoros,7,280,111,433,18,5,0,411,4,7,0,989,44,1033
Matamoros,7,281,13,163,3,6,0,109,0,0,0,294,10,304
Matamoros,7,282,50,260,35,2,0,143,1,0,0,491,20,511
Matamoros,7,283,35,258,51,2,0,303,0,0,0,649,4,653
Matamoros,7,284,17,279,27,1,0,491,0,0,0,815,35,850
Matamoros,7,285,23,240,17,3,0,419,2,12,0,716,47,763
Matamoros,7,286,13,357,1,1,0,430,0,0,0,802,20,822
Matamoros,7,287,14,459,5,1,0,488,2,0,0,969,48,1017
Matamoros,7,288,20,611,5,2,0,389,3,7,0,1037,48,1085
Matamoros,7,289,95,232,70,2,0,84,1,0,0,484,19,503
Matamoros,7,290,62,548,45,5,0,269,3,0,0,932,25,957
Matamoros,7,291,45,472,53,3,0,220,5,0,0,798,17,815
Matamoros,7,292,100,199,1,8,0,45,2,0,0,355,11,366
Matamoros,7,293,78,245,3,2,0,364,2,0,0,694,21,715
Matamoros,7,294,87,205,9,2,0,185,0,0,0,488,16,504
Matamoros,7,295,17,150,1,0,0,164,0,0,0,332,10,342
Matamoros,7,296,31,240,6,3,0,238,1,0,0,519,18,537
Matamoros,7,297,108,360,44,2,0,212,152,1,0,879,18,897
Matamoros,7,298,48,201,28,4,0,215,1,0,0,497,11,508
Matamoros,7,299,28,148,0,1,0,84,1,0,0,262,11,273
Matamoros,7,300,36,182,18,1,0,37,0,0,0,274,1,275
Matamoros,7,301,55,156,14,6,0,73,0,0,0,304,10,314
Matamoros,7,302,120,137,9,5,0,83,5,0,0,359,42,401
Matamoros,7,303,159,169,10,4,0,120,0,0,0,462,0,462
Matamoros,7,304,229,191,5,2,0,33,9,0,0,469,13,482
Matamoros,7,305,285,384,66,44,0,219,8,2,0,1008,35,1043
Matamoros,7,306,148,385,5,8,0,351,16,0,0,913,46,959
Matamoros,7,307,137,329,3,10,0,231,27,0,0,737,42,779
Matamoros,7,308,171,59,1,2,0,216,1,0,0,450,21,471
Matamoros,7,309,52,165,0,3,0,66,1,0,0,287,11,298
Matamoros,7,310,91,241,12,5,0,170,10,0,0,529,32,561
Matamoros,7,311,95,136,1,4,0,83,0,0,0,319,16,335
Matamoros,7,312,152,302,8,5,0,321,12,0,0,800,34,834
Matamoros,7,313,98,46,0,6,0,155,3,0,0,308,8,316
Matamoros,7,314,97,205,0,3,0,71,7,4,0,387,19,406
Matamoros,7,315,22,88,0,0,0,93,1,0,0,204,11,215
Matamoros,7,316,2,79,0,1,0,55,0,0,0,137,3,140
Matamoros,7,317,41,65,2,1,0,30,3,0,0,142,5,147
Matamoros,7,318,76,196,14,6,0,84,58,0,0,434,9,443
Monclova,16,319,156,270,10,2,0,0,2,0,0,440,6,446
Monclova,16,320,170,199,21,7,1,0,3,0,0,401,2,403
Monclova,16,321,135,363,18,2,1,0,4,0,0,523,8,531
Monclova,16,322,185,197,23,5,1,0,1,0,0,412,184,596
Monclova,16,323,206,258,19,4,0,0,1,0,0,488,7,495
Monclova,16,324,91,167,22,4,7,0,1,0,0,292,1,293
Monclova,16,325,178,308,50,3,1,0,2,0,0,542,2,544
Monclova,16,326,458,608,81,8,3,0,4,0,0,1162,4,1166
Monclova,16,327,148,179,16,5,3,0,1,0,0,352,5,357
Monclova,16,328,91,205,15,3,1,0,1,0,0,316,0,316
Monclova,16,329,90,152,12,1,1,0,1,0,0,257,2,259
Monclova,16,330,147,199,13,2,1,0,8,0,0,370,8,378
Monclova,16,331,165,301,31,1,2,0,6,0,0,506,7,513
Monclova,16,332,477,377,39,1,9,0,3,0,0,906,2,908
Monclova,16,333,421,511,60,3,3,0,5,0,0,1003,12,1015
Monclova,16,334,493,332,65,4,3,0,1,0,0,898,2,900
Monclova,16,335,305,407,47,6,8,0,1,0,0,774,6,780
Monclova,16,336,249,183,40,4,2,0,15,0,0,493,11,504
Monclova,16,337,237,530,50,8,4,0,2,0,0,831,9,840
Monclova,16,338,148,232,25,9,1,0,0,0,0,415,9,424
Monclova,16,339,179,372,29,4,3,0,1,0,0,588,8,596
Monclova,16,340,342,217,49,1,2,0,3,0,0,614,2,616
Monclova,16,341,312,266,74,0,0,0,3,0,0,655,7,662
Monclova,16,342,355,298,43,0,2,0,1,0,0,699,7,706
Monclova,16,343,314,234,58,1,5,0,6,0,0,618,1,619
Monclova,16,344,221,326,41,3,4,0,0,0,0,595,8,603
Monclova,16,345,291,254,60,3,4,0,4,0,0,616,3,619
Monclova,16,346,156,282,32,11,0,0,2,0,0,483,3,486
Monclova,16,347,184,435,25,6,5,0,1,0,0,656,1,657
Monclova,16,348,90,380,9,4,1,0,3,0,0,487,8,495
Monclova,16,349,140,316,11,2,1,0,4,0,0,474,10,484
Monclova,16,350,143,410,24,2,3,0,2,0,0,584,4,588
Monclova,16,351,269,437,41,4,0,0,1,0,0,752,12,764
Monclova,16,352,197,257,34,6,1,0,6,0,0,501,1,502
Monclova,16,353,237,251,39,3,4,0,4,0,0,538,4,542
Monclova,16,354,171,111,17,0,5,0,8,0,0,312,0,312
Monclova,16,355,452,217,33,4,6,0,2,0,0,714,0,714
Monclova,16,356,244,411,31,5,2,0,0,0,0,693,8,701
Monclova,16,357,614,411,57,6,4,0,4,0,0,1096,5,1101
Monclova,16,358,202,160,20,4,4,0,1,0,0,391,6,397
Monclova,16,359,179,315,35,2,1,0,2,0,0,534,5,539
Monclova,16,360,135,337,40,0,2,0,1,0,0,515,11,526
Monclova,16,361,147,375,26,6,1,0,3,0,0,558,7,565
Monclova,16,362,83,388,15,4,2,0,4,0,0,496,9,505
Monclova,16,363,80,165,12,0,2,0,2,0,0,261,10,271
Monclova,16,364,202,330,32,3,3,0,1,0,0,571,6,577
Monclova,16,365,126,200,16,1,4,0,1,0,0,348,3,351
Monclova,16,366,85,116,17,0,1,0,0,0,0,219,0,219
Monclova,16,367,194,243,18,7,7,0,2,0,0,471,6,477
Monclova,16,368,335,241,46,1,1,0,3,0,0,627,3,630
Monclova,16,369,496,339,23,1,7,0,2,0,0,868,2,870
Monclova,16,370,230,500,30,5,0,0,0,0,0,765,7,772
Monclova,16,371,183,418,28,19,2,0,1,0,0,651,0,651
Monclova,16,372,379,319,40,12,11,0,1,0,0,762,0,762
Monclova,16,373,400,271,41,4,2,0,5,0,0,723,1,724
Monclova,16,374,178,151,16,0,10,0,1,0,0,356,1,357
Monclova,16,375,135,164,38,2,3,0,1,0,0,343,5,348
Monclova,16,376,105,357,37,9,2,0,1,0,0,511,11,522
Monclova,16,377,123,450,25,4,4,0,0,0,0,606,9,615
Monclova,16,378,126,293,23,2,3,0,1,0,0,448,6,454
Monclova,16,379,222,323,25,3,2,0,0,0,0,575,13,588
Monclova,16,380,168,165,16,4,6,0,0,0,0,359,0,359
Monclova,16,381,272,219,34,5,4,0,0,0,0,534,2,536
Monclova,15,382,278,259,28,7,3,0,0,0,0,575,4,579
Monclova,16,383,356,292,54,11,3,0,3,0,0,719,2,721
Monclova,16,384,122,424,20,4,2,0,0,0,0,572,10,582
Monclova,15,385,172,364,44,4,2,0,0,0,0,586,5,591
Monclova,15,386,160,377,47,6,1,0,0,0,0,591,6,597
Monclova,15,387,219,402,46,10,5,0,2,0,0,684,5,689
Monclova,15,388,151,201,11,3,0,0,0,0,0,366,6,372
Monclova,15,389,140,220,30,3,6,0,0,0,0,399,8,407
Monclova,15,390,290,265,42,1,8,0,1,0,0,607,5,612
Monclova,16,391,216,198,23,3,2,0,0,0,0,442,3,445
Monclova,16,392,213,268,42,4,9,0,0,0,0,536,5,541
Monclova,15,393,207,182,17,4,2,0,1,0,0,413,5,418
Monclova,15,394,105,120,13,5,0,0,0,0,0,243,0,243
Monclova,15,395,168,175,45,2,4,0,1,0,0,395,2,397
Monclova,15,396,194,248,45,3,3,0,1,0,0,494,0,494
Monclova,15,397,88,210,13,3,1,0,0,0,0,315,3,318
Monclova,15,398,199,221,40,3,6,0,5,0,0,474,3,477
Monclova,15,399,251,280,49,3,1,0,2,0,0,586,9,595
Monclova,15,400,184,143,19,3,3,0,0,0,0,352,1,353
Monclova,15,401,157,183,23,0,3,0,2,0,0,368,3,371
Monclova,15,402,256,274,28,3,1,0,4,0,0,566,7,573
Monclova,15,403,203,228,30,2,1,0,1,0,0,465,10,475
Monclova,15,404,258,324,31,5,0,0,0,0,0,618,3,621
Monclova,15,405,250,275,58,2,5,0,0,0,0,590,11,601
Monclova,15,406,127,285,38,6,3,0,9,0,0,468,7,475
Monclova,15,407,224,304,38,10,5,0,2,0,0,583,2,585
Monclova,15,408,268,222,28,3,3,0,2,0,0,526,5,531
Monclova,15,409,155,107,13,5,1,0,1,0,0,282,0,282
Monclova,15,410,190,236,35,0,2,0,1,0,0,464,2,466
Monclova,15,411,179,221,20,31,2,0,4,0,0,457,4,461
Monclova,15,412,309,357,46,2,8,0,1,0,0,723,6,729
Monclova,15,413,248,424,37,5,3,0,1,0,0,718,14,732
Monclova,15,414,90,231,19,2,8,0,2,0,0,352,8,360
Monclova,15,415,201,392,32,6,14,0,1,0,0,646,11,657
Monclova,15,416,240,407,36,5,9,0,0,0,0,697,14,711
Monclova,15,417,172,186,27,4,2,0,2,0,0,393,1,394
Monclova,15,418,112,117,30,1,2,0,1,0,0,263,3,266
Monclova,15,419,268,314,51,4,1,0,1,0,0,639,2,641
Monclova,15,420,209,292,35,0,0,0,0,0,0,536,5,541
Monclova,15,421,68,149,6,1,2,0,0,0,0,226,3,229
Monclova,15,422,180,433,26,0,4,0,1,0,0,644,11,655
Monclova,15,423,44,81,10,1,0,0,0,0,0,136,1,137
Monclova,15,424,119,181,62,2,1,0,1,0,0,366,16,382
Monclova,15,425,238,251,40,8,3,0,1,0,0,541,11,552
Monclova,15,426,133,189,40,4,3,0,0,0,0,369,1,370
Monclova,15,427,138,254,64,5,0,0,2,0,0,463,3,466
Monclova,15,428,250,272,57,4,1,0,7,0,0,591,5,596
Monclova,15,429,243,269,88,8,5,0,1,0,0,614,8,622
Monclova,15,430,160,178,49,3,1,0,4,0,0,395,1,396
Monclova,15,431,378,575,76,11,8,0,8,0,0,1056,8,1064
Monclova,15,432,136,238,34,5,0,0,2,0,0,415,4,419
Monclova,15,433,187,267,53,1,1,0,0,0,0,509,5,514
Monclova,15,434,297,341,57,17,2,0,2,0,0,716,324,1040
Monclova,15,435,81,180,9,3,3,0,7,0,0,283,0,283
Monclova,15,436,453,668,135,14,1,0,2,0,0,1273,2,1275
Monclova,15,437,193,346,50,4,1,0,2,0,0,596,6,602
Monclova,15,438,198,351,43,3,3,0,2,0,0,600,3,603
Monclova,15,439,231,276,38,3,1,0,2,0,0,551,9,560
Monclova,15,440,104,179,15,2,0,0,4,0,0,304,4,308
Monclova,15,441,162,259,35,2,0,0,0,0,0,458,4,462
Monclova,16,442,30,68,6,0,2,0,1,0,0,107,7,114
Monclova,16,443,14,19,2,0,0,0,0,0,0,35,2,37
Morelos,17,444,253,254,0,0,0,2,0,2,0,511,7,518
Morelos,17,445,294,371,0,0,0,2,0,4,0,671,3,674
Morelos,17,446,377,353,0,0,0,1,0,12,0,743,3,746
Morelos,17,447,353,264,0,0,0,5,0,7,0,629,11,640
Morelos,17,448,236,233,0,0,0,3,0,6,0,478,3,481
Morelos,17,449,163,305,0,0,0,1,0,5,0,474,2,476
Múzquiz,18,450,48,285,60,22,6,87,9,0,0,517,13,530
Múzquiz,18,451,38,275,32,79,15,87,14,0,0,540,19,559
Múzquiz,18,452,48,359,26,57,6,75,7,4,0,582,21,603
Múzquiz,18,453,33,341,44,37,2,95,9,2,0,563,37,600
Múzquiz,18,454,44,346,18,32,8,191,5,8,1,653,27,680
Múzquiz,18,455,39,225,21,27,1,89,8,4,38,452,14,466
Múzquiz,18,456,7,214,18,52,4,42,5,1,0,343,11,354
Múzquiz,18,457,46,362,27,46,7,98,7,7,1,601,13,614
Múzquiz,18,458,65,524,40,95,9,128,8,0,0,869,16,885
Múzquiz,18,459,33,365,23,49,4,54,10,7,0,545,11,556
Múzquiz,18,460,37,299,25,19,11,107,5,5,0,508,15,523
Múzquiz,18,461,41,414,26,23,14,106,1,5,0,630,24,654
Múzquiz,18,462,41,363,18,52,7,88,6,0,1,576,5,581
Múzquiz,18,463,27,244,16,17,3,103,7,2,1,420,10,430
Múzquiz,18,464,71,340,26,21,3,88,5,6,0,560,17,577
Múzquiz,18,465,31,133,25,14,2,40,4,0,0,249,21,270
Múzquiz,18,466,37,148,38,21,3,71,6,7,1,332,11,343
Múzquiz,18,467,33,334,35,27,23,105,8,2,0,567,7,574
Múzquiz,18,468,53,384,23,17,12,83,8,1,0,581,12,593
Múzquiz,18,469,30,461,16,16,5,97,17,2,1,645,19,664
Múzquiz,18,470,41,361,62,29,19,103,8,3,1,627,23,650
Múzquiz,0,471,0,0,0,0,0,0,0,0,0,0,0,0
Múzquiz,0,472,0,0,0,0,0,0,0,0,0,0,0,0
Múzquiz,18,473,7,121,10,2,1,15,0,0,0,156,9,165
Múzquiz,18,474,25,128,19,33,2,77,1,2,0,287,4,291
Múzquiz,18,475,42,347,18,20,6,155,5,3,0,596,3,599
Múzquiz,18,476,60,296,13,21,3,213,3,8,0,617,9,626
Múzquiz,18,477,44,299,11,11,1,137,4,5,1,513,6,519
Múzquiz,18,478,54,418,13,21,5,180,5,4,0,700,23,723
Múzquiz,18,479,75,366,33,11,3,119,6,7,0,620,8,628
Múzquiz,18,480,43,278,19,20,4,84,8,5,1,462,5,467
Múzquiz,18,481,26,283,19,41,0,71,9,2,2,453,20,473
Múzquiz,18,482,59,258,36,21,1,83,8,4,0,470,7,477
Múzquiz,18,483,41,312,11,17,2,91,11,4,0,489,19,508
Múzquiz,18,484,19,198,22,8,4,64,3,4,0,322,5,327
Múzquiz,18,485,34,221,15,9,3,69,4,3,2,360,5,365
Múzquiz,18,486,31,251,31,25,4,78,3,0,0,423,8,431
Múzquiz,18,487,17,136,11,1,0,52,4,2,0,223,7,230
Múzquiz,18,488,18,160,19,11,2,29,4,2,0,245,6,251
Múzquiz,18,489,31,236,52,30,8,82,3,0,0,442,10,452
Múzquiz,18,490,15,261,29,29,8,33,3,61,0,439,10,449
Múzquiz,18,491,6,77,10,4,5,23,0,0,0,125,16,141
Múzquiz,18,492,42,463,45,13,20,66,5,1,0,655,15,670
Múzquiz,18,493,44,278,67,10,9,84,1,2,0,495,13,508
Múzquiz,18,494,20,163,23,4,8,30,2,3,0,253,3,256
Múzquiz,18,495,38,309,42,4,25,70,1,0,0,489,6,495
Múzquiz,18,496,30,158,18,2,6,66,3,1,0,284,3,287
Múzquiz,18,497,31,220,16,8,15,53,0,1,0,344,5,349
Múzquiz,18,498,14,152,9,5,4,29,2,0,0,215,7,222
Múzquiz,18,499,35,248,35,1,15,107,1,5,2,449,9,458
Nadadores,14,500,228,269,8,4,0,1,0,0,0,510,12,522
Nadadores,14,501,249,336,20,7,0,0,0,0,0,612,11,623
Nadadores,14,502,243,200,9,24,0,0,0,0,0,476,13,489
Nadadores,14,503,184,203,6,9,0,1,0,0,0,403,10,413
Nadadores,14,504,77,92,1,1,0,0,0,2,0,173,2,175
Nadadores,14,505,170,293,0,3,0,0,0,0,0,466,11,477
Nadadores,14,506,18,35,5,1,0,1,0,0,0,60,2,62
Nadadores,14,507,30,54,0,3,0,0,0,0,0,87,1,88
Nava,17,508,329,307,0,0,9,144,55,0,0,844,20,864
Nava,17,509,151,160,0,0,3,96,28,0,0,438,4,442
Nava,17,510,269,276,0,0,11,170,53,0,0,779,8,787
Nava,17,511,286,370,0,0,9,36,43,0,0,744,8,752
Nava,17,512,261,431,0,0,9,74,38,0,0,813,13,826
Nava,17,513,159,292,0,0,2,29,14,0,0,496,4,500
Nava,17,514,144,300,0,0,3,25,7,0,0,479,4,483
Nava,17,515,297,303,0,0,10,66,34,0,0,710,13,723
Nava,17,516,256,413,0,0,5,43,32,0,0,749,10,759
Nava,17,517,130,318,0,0,6,24,9,0,0,487,8,495
Nava,17,518,195,426,0,0,10,55,20,0,0,706,11,717
Nava,17,519,225,150,0,0,8,11,4,0,0,398,9,407
Nava,17,520,52,54,0,0,0,9,3,0,0,118,42,160
Nava,17,521,34,21,0,0,1,2,0,0,0,58,12,70
Nava,17,522,25,17,0,0,0,1,1,0,0,44,0,44
Nava,17,523,96,75,0,0,1,22,2,0,0,196,0,196
Nava,0,524,0,0,0,0,0,0,0,0,0,0,0,0
Nava,17,525,11,30,0,0,2,9,4,0,0,56,1,57
Ocampo,14,526,33,297,313,116,0,0,0,0,0,759,6,765
Ocampo,14,527,27,273,182,86,0,0,0,0,0,568,12,580
Ocampo,14,528,1,28,31,43,0,0,0,0,0,103,2,105
Ocampo,14,529,1,82,32,9,0,0,0,0,0,124,2,126
Ocampo,14,530,2,62,51,20,0,0,0,0,0,135,4,139
Ocampo,14,531,4,48,12,8,0,0,0,0,0,72,0,72
Ocampo,14,532,12,262,125,124,0,0,0,0,0,523,11,534
Ocampo,14,533,0,7,14,3,0,0,0,0,0,24,0,24
Ocampo,14,534,1,47,46,51,0,0,0,0,0,145,3,148
Ocampo,14,535,0,57,53,9,0,0,0,0,0,119,6,125
Ocampo,14,536,0,85,6,111,0,0,0,0,0,202,3,205
Ocampo,14,537,3,32,92,4,0,0,0,0,0,131,0,131
Ocampo,14,538,0,17,7,16,0,0,0,0,0,40,1,41
Ocampo,14,539,27,123,30,82,0,0,0,0,0,262,2,264
Ocampo,14,540,26,250,58,125,0,0,0,0,0,459,3,462
Ocampo,0,541,0,0,0,0,0,0,0,0,0,0,0,0
Parras,6,542,39,310,216,77,0,238,11,4,0,895,11,906
Parras,6,543,92,364,200,52,0,362,27,2,0,1099,28,1127
Parras,6,544,36,225,188,25,0,150,12,1,0,637,11,648
Parras,6,545,38,230,203,55,0,186,6,3,0,721,12,733
Parras,6,546,19,146,96,72,0,137,4,0,0,474,20,494
Parras,6,547,41,242,146,47,0,143,10,3,0,632,27,659
Parras,6,548,19,153,58,38,0,171,14,3,0,456,19,475
Parras,6,549,52,300,91,45,0,302,5,2,0,797,13,810
Parras,6,550,44,302,217,44,0,203,18,2,0,830,10,840
Parras,6,551,63,187,125,51,0,168,8,2,0,604,14,618
Parras,6,552,12,140,73,50,0,88,0,0,0,363,9,372
Parras,6,553,22,171,86,43,0,149,7,0,0,478,4,482
Parras,6,554,34,235,117,23,0,186,9,2,0,606,6,612
Parras,6,555,36,159,81,20,0,124,3,0,0,423,9,432
Parras,6,556,44,167,60,15,0,196,4,2,0,488,11,499
Parras,6,557,46,404,132,74,0,290,12,0,0,958,12,970
Parras,6,558,35,266,120,50,0,265,7,1,0,744,20,764
Parras,6,559,14,240,59,58,0,130,11,1,0,513,9,522
Parras,6,560,7,76,11,6,0,60,0,0,0,160,33,193
Parras,6,561,1,34,3,3,0,0,1,0,0,42,2,44
Parras,6,562,5,63,19,7,0,35,0,0,0,129,4,133
Parras,6,563,7,67,22,2,0,33,2,0,0,133,4,137
Parras,6,564,1,61,4,12,0,36,0,0,0,114,14,128
Parras,6,565,7,118,11,36,0,99,0,0,0,271,16,287
Parras,6,566,11,121,8,103,0,108,0,0,0,351,35,386
Parras,6,567,21,188,66,23,0,209,2,1,0,510,9,519
Parras,6,568,8,84,14,14,0,45,0,0,0,165,7,172
Parras,6,569,33,145,14,63,0,140,3,0,0,398,19,417
Parras,6,570,4,95,12,3,0,18,1,0,0,133,20,153
Parras,6,571,11,155,7,31,0,211,0,0,0,415,30,445
Parras,0,572,0,0,0,0,0,0,0,0,0,0,0,0
Parras,6,573,3,136,6,10,0,98,0,0,0,253,15,268
Parras,6,574,6,88,4,3,0,54,0,0,0,155,23,178
Parras,6,575,5,104,10,13,0,45,3,0,0,180,18,198
Parras,6,576,0,51,1,1,0,2,0,0,0,55,0,55
Piedras Negras,20,577,122,323,16,2,11,4,0,1,0,479,6,485
Piedras Negras,20,578,168,278,25,0,16,2,0,0,0,489,7,496
Piedras Negras,20,579,85,178,12,2,8,0,0,0,0,285,6,291
Piedras Negras,20,580,264,566,31,21,20,1,0,0,0,903,18,921
Piedras Negras,20,581,228,437,34,6,25,2,0,0,0,732,16,748
Piedras Negras,20,582,52,131,13,0,2,0,0,0,0,198,3,201
Piedras Negras,20,583,93,194,9,2,8,0,0,0,0,306,5,311
Piedras Negras,20,584,53,153,10,1,8,1,0,0,0,226,0,226
Piedras Negras,20,585,230,360,27,3,25,1,0,0,0,646,15,661
Piedras Negras,20,586,525,835,65,8,51,11,0,0,0,1495,26,1521
Piedras Negras,20,587,608,1278,97,9,81,14,0,0,0,2087,12,2099
Piedras Negras,20,588,244,469,40,2,34,4,0,0,0,793,10,803
Piedras Negras,20,589,51,115,9,1,5,0,0,1,0,182,2,184
Piedras Negras,20,590,69,97,11,1,5,1,0,0,0,184,3,187
Piedras Negras,20,591,103,224,17,0,13,0,0,0,0,357,10,367
Piedras Negras,20,592,72,165,11,3,4,2,0,0,0,257,8,265
Piedras Negras,20,593,109,277,16,0,12,3,0,0,0,417,2,419
Piedras Negras,20,594,128,522,12,1,22,0,0,0,0,685,5,690
Piedras Negras,20,595,176,446,17,3,40,2,0,1,0,685,4,689
Piedras Negras,20,596,65,216,13,0,7,3,0,0,0,304,4,308
Piedras Negras,20,597,81,280,27,2,25,0,0,0,0,415,0,415
Piedras Negras,20,598,67,232,7,0,31,0,0,0,0,337,5,342
Piedras Negras,20,599,60,198,8,0,21,0,0,0,0,287,1,288
Piedras Negras,20,600,66,244,10,2,22,0,0,0,0,344,7,351
Piedras Negras,20,601,168,331,35,2,21,3,0,0,0,560,6,566
Piedras Negras,20,602,106,305,17,0,18,0,0,0,0,446,6,452
Piedras Negras,20,603,94,204,8,0,15,1,0,1,0,323,2,325
Piedras Negras,20,604,48,119,11,1,9,3,0,0,0,191,1,192
Piedras Negras,20,605,50,175,6,2,9,0,0,0,0,242,4,246
Piedras Negras,20,606,91,385,19,2,10,0,0,2,0,509,1,510
Piedras Negras,20,607,62,184,3,0,9,0,0,0,0,258,8,266
Piedras Negras,20,608,78,252,12,2,16,1,0,35,0,396,3,399
Piedras Negras,20,609,116,200,12,1,15,0,0,0,0,344,8,352
Piedras Negras,20,610,160,253,38,0,18,0,0,0,0,469,4,473
Piedras Negras,20,611,1233,1886,163,9,143,11,0,6,0,3451,33,3484
Piedras Negras,20,612,153,645,64,2,37,0,0,0,0,901,7,908
Piedras Negras,20,613,205,408,37,1,20,4,0,0,0,675,9,684
Piedras Negras,20,614,148,297,19,2,16,0,0,0,0,482,13,495
Piedras Negras,20,615,114,220,27,0,14,2,0,0,0,377,11,388
Piedras Negras,20,616,51,199,8,0,6,2,0,0,0,266,2,268
Piedras Negras,20,617,92,308,20,4,34,1,0,0,0,459,7,466
Piedras Negras,20,618,231,420,24,4,20,1,0,2,0,702,15,717
Piedras Negras,20,619,162,181,14,1,10,1,0,0,0,369,3,372
Piedras Negras,20,620,172,345,18,3,20,4,0,1,0,563,9,572
Piedras Negras,20,621,248,407,25,2,17,1,0,0,0,700,32,732
Piedras Negras,17,622,287,494,38,2,8,0,0,102,0,931,18,949
Piedras Negras,20,623,523,1035,88,6,68,3,0,2,0,1725,16,1741
Piedras Negras,20,624,123,363,27,4,25,0,0,0,0,542,12,554
Piedras Negras,20,625,43,206,23,0,21,0,0,59,0,352,11,363
Piedras Negras,20,626,146,295,26,1,29,0,0,0,0,497,6,503
Piedras Negras,20,627,153,456,41,3,33,3,0,0,0,689,5,694
Piedras Negras,20,628,163,421,29,8,25,3,0,1,0,650,3,653
Piedras Negras,20,629,72,195,15,3,5,0,0,1,0,291,0,291
Piedras Negras,17,630,178,271,49,1,12,1,0,1,0,513,4,517
Piedras Negras,20,631,264,319,21,2,13,1,0,0,0,620,18,638
Piedras Negras,20,632,138,257,16,3,6,0,0,1,0,421,5,426
Piedras Negras,20,633,459,912,98,5,84,4,0,1,0,1563,18,1581
Piedras Negras,20,634,97,171,16,2,14,0,0,0,0,300,6,306
Piedras Negras,20,635,257,378,22,6,30,0,0,0,0,693,10,703
Piedras Negras,17,636,159,216,17,1,11,1,0,0,0,405,10,415
Piedras Negras,17,637,145,227,11,1,7,1,0,1,0,393,2,395
Piedras Negras,17,638,230,313,21,2,24,2,0,1,0,593,13,606
Piedras Negras,17,639,261,355,17,3,20,3,0,0,0,659,14,673
Piedras Negras,17,640,407,575,25,23,27,2,0,109,0,1168,11,1179
Piedras Negras,17,641,241,304,19,6,10,2,0,0,0,582,9,591
Piedras Negras,20,642,28,113,7,0,3,0,0,0,0,151,6,157
Piedras Negras,20,643,46,144,10,1,2,1,0,0,0,204,8,212
Piedras Negras,20,644,26,80,4,0,1,0,0,0,0,111,4,115
Progreso,18,645,8,116,0,0,0,61,10,8,0,203,6,209
Progreso,18,646,11,82,0,2,0,65,9,0,0,169,1,170
Progreso,18,647,9,203,0,45,0,18,8,0,0,283,7,290
Progreso,18,648,8,199,0,29,0,30,10,1,0,277,3,280
Progreso,18,649,15,286,0,22,0,19,12,0,0,354,7,361
Progreso,18,650,10,173,0,3,0,27,23,10,0,246,5,251
Progreso,18,651,2,23,0,0,0,7,2,0,0,34,0,34
Ramos Arizpe,6,652,596,329,8,11,0,2,9,2,0,957,19,976
Ramos Arizpe,6,653,1198,633,18,19,0,2,4,4,0,1878,61,1939
Ramos Arizpe,6,654,598,348,7,3,0,0,7,0,0,963,15,978
Ramos Arizpe,6,655,531,283,12,10,0,0,5,0,0,841,6,847
Ramos Arizpe,6,656,444,205,9,1,0,1,5,1,0,666,9,675
Ramos Arizpe,6,657,507,234,6,5,0,1,17,1,0,771,9,780
Ramos Arizpe,6,658,247,175,1,5,0,0,4,0,0,432,6,438
Ramos Arizpe,6,659,524,324,6,6,0,0,5,0,0,865,13,878
Ramos Arizpe,6,660,654,410,6,7,0,1,7,2,0,1087,11,1098
Ramos Arizpe,6,661,688,529,4,8,0,0,8,0,0,1237,16,1253
Ramos Arizpe,6,662,351,186,1,3,0,0,5,5,0,551,6,557
Ramos Arizpe,6,663,1943,840,12,24,0,2,8,2,0,2831,22,2853
Ramos Arizpe,6,664,2004,1204,20,21,0,2,26,3,0,3280,29,3309
Ramos Arizpe,6,665,25,75,0,0,0,0,0,0,0,100,0,100
Ramos Arizpe,6,666,58,95,0,0,0,0,0,0,0,153,1,154
Ramos Arizpe,6,667,80,69,0,6,0,0,0,0,0,155,5,160
Ramos Arizpe,6,668,29,32,0,0,0,0,0,0,0,61,1,62
Ramos Arizpe,6,669,91,137,2,2,0,1,0,0,0,233,9,242
Ramos Arizpe,6,670,89,71,0,2,0,0,0,0,0,162,25,187
Ramos Arizpe,6,671,83,92,26,0,0,1,1,0,0,203,3,206
Ramos Arizpe,6,672,23,25,0,0,0,0,0,0,0,48,1,49
Ramos Arizpe,6,673,285,262,1,1,0,0,0,1,0,550,24,574
Ramos Arizpe,6,674,24,98,1,1,0,0,1,0,0,125,1,126
Ramos Arizpe,6,675,5,27,1,0,0,0,0,0,0,33,1,34
Ramos Arizpe,6,676,126,154,0,1,0,1,2,0,0,284,0,284
Ramos Arizpe,6,677,102,135,1,1,0,1,2,0,0,242,11,253
Ramos Arizpe,6,678,13,30,1,1,0,0,0,0,0,45,1,46
Ramos Arizpe,6,679,42,41,0,2,0,0,0,0,0,85,2,87
Ramos Arizpe,6,680,32,36,0,1,0,0,0,0,0,69,0,69
Ramos Arizpe,6,681,40,48,3,2,0,0,0,0,0,93,13,106
Ramos Arizpe,6,682,17,39,1,2,0,1,0,0,0,60,2,62
Ramos Arizpe,6,683,29,80,0,0,0,0,1,0,0,110,4,114
Ramos Arizpe,6,684,56,58,4,1,0,0,0,0,0,119,0,119
Ramos Arizpe,6,685,113,79,3,1,0,0,0,0,0,196,7,203
Ramos Arizpe,6,686,69,85,7,2,0,0,1,0,0,164,5,169
Ramos Arizpe,6,687,16,49,0,7,0,0,0,0,0,72,0,72
Ramos Arizpe,6,688,32,116,2,5,0,1,1,0,0,157,7,164
Ramos Arizpe,6,689,80,56,1,1,0,2,0,1,0,141,9,150
Ramos Arizpe,6,690,40,47,7,4,0,0,0,0,0,98,5,103
Sabinas,17,691,103,192,8,0,70,72,102,7,0,554,3,557
Sabinas,17,692,267,608,19,0,137,198,304,118,0,1651,25,1676
Sabinas,17,693,256,566,28,0,126,121,274,3,0,1374,18,1392
Sabinas,17,694,187,294,8,0,77,104,106,9,0,785,10,795
Sabinas,17,695,149,270,6,0,91,109,79,7,0,711,11,722
Sabinas,17,696,122,305,9,0,107,74,130,5,0,752,6,758
Sabinas,17,697,120,195,4,0,15,0,42,0,0,376,6,382
Sabinas,17,698,135,249,7,0,56,70,114,1,0,632,5,637
Sabinas,17,699,106,215,4,0,21,60,68,3,0,477,8,485
Sabinas,17,700,70,259,9,0,72,41,60,60,0,571,4,575
Sabinas,17,701,126,199,12,0,52,77,88,1,0,555,7,562
Sabinas,17,702,61,299,11,0,57,50,88,127,0,693,20,713
Sabinas,17,703,77,336,19,0,38,108,141,1,0,720,11,731
Sabinas,17,704,30,76,6,0,17,37,30,3,0,199,5,204
Sabinas,17,705,55,199,5,0,50,40,68,1,0,418,1,419
Sabinas,17,706,80,307,20,0,22,82,197,5,0,713,23,736
Sabinas,17,707,69,243,5,0,15,50,100,46,0,528,8,536
Sabinas,17,708,90,226,15,0,21,114,121,1,0,588,16,604
Sabinas,17,709,71,378,10,0,26,47,208,1,0,741,22,763
Sabinas,17,710,51,275,21,0,23,60,77,0,0,507,17,524
Sabinas,17,711,94,366,18,0,44,45,95,4,0,666,12,678
Sabinas,17,712,25,115,5,0,10,22,33,0,0,210,3,213
Sabinas,17,713,15,93,5,0,9,25,36,1,0,184,3,187
Sabinas,17,714,81,261,14,0,53,65,169,4,0,647,7,654
Sabinas,17,715,147,340,20,0,39,97,182,6,0,831,22,853
Sabinas,17,716,4,83,1,0,0,3,1,0,0,92,3,95
Sabinas,17,717,57,163,8,0,8,42,138,2,0,418,14,432
Sabinas,17,718,64,138,7,0,0,47,154,0,0,410,5,415
Sabinas,17,719,45,159,2,0,4,33,132,7,0,382,8,390
Sabinas,17,720,51,144,2,0,7,48,102,1,0,355,7,362
Sabinas,17,721,33,155,6,0,6,51,188,4,0,443,8,451
Sabinas,17,722,36,150,3,0,14,56,275,4,0,538,11,549
Sabinas,17,723,125,285,6,0,12,57,392,3,0,880,19,899
Sabinas,17,724,56,210,3,0,19,99,286,4,0,677,12,689
Sabinas,17,725,49,184,10,0,9,71,201,2,0,526,10,536
Sabinas,17,726,24,69,2,0,12,65,174,1,0,347,10,357
Sabinas,17,727,4,60,2,0,1,0,5,0,0,72,3,75
Sacramento,14,728,63,327,231,28,0,0,0,5,0,654,9,663
Sacramento,14,729,53,205,305,46,0,0,0,8,0,617,16,633
Saltillo,4,730,499,278,37,10,20,1,3,1,0,849,11,860
Saltillo,4,731,698,664,23,7,35,3,4,1,0,1435,14,1449
Saltillo,4,732,409,245,21,5,20,2,7,1,0,710,8,718
Saltillo,4,733,582,390,40,11,35,2,2,0,0,1062,17,1079
Saltillo,4,734,865,484,33,6,34,6,6,1,0,1435,17,1452
Saltillo,4,735,206,252,13,9,14,1,0,0,0,495,6,501
Saltillo,4,736,261,332,28,4,7,5,2,3,0,642,12,654
Saltillo,4,737,226,505,21,29,22,1,1,0,0,805,18,823
Saltillo,4,738,328,845,23,22,10,2,3,0,0,1233,30,1263
Saltillo,4,739,211,334,5,15,6,4,0,0,0,575,10,585
Saltillo,4,740,654,326,48,7,18,3,5,223,0,1284,19,1303
Saltillo,4,741,309,166,12,7,15,6,1,0,0,516,5,521
Saltillo,4,742,365,373,26,11,33,2,3,1,0,814,9,823
Saltillo,3,743,427,303,30,13,27,4,3,1,0,808,14,822
Saltillo,4,744,241,397,16,8,20,3,1,0,0,686,4,690
Saltillo,4,745,274,162,9,8,5,1,2,160,0,621,5,626
Saltillo,4,746,253,415,11,21,13,0,2,1,0,716,8,724
Saltillo,4,747,156,325,15,9,7,1,2,0,0,515,7,522
Saltillo,4,748,197,458,6,12,11,1,0,0,0,685,12,697
Saltillo,4,749,274,214,7,4,28,1,4,1,0,533,5,538
Saltillo,4,750,472,303,25,5,20,2,4,1,0,832,16,848
Saltillo,4,751,908,531,48,24,47,4,7,1,0,1570,17,1587
Saltillo,4,752,1309,1068,58,32,54,8,6,0,0,2535,31,2566
Saltillo,4,753,418,328,19,6,12,4,1,3,0,791,11,802
Saltillo,4,754,185,418,7,5,4,2,1,0,0,622,7,629
Saltillo,4,755,363,852,29,12,19,2,4,0,0,1281,11,1292
Saltillo,5,756,233,272,10,9,4,4,0,0,0,532,13,545
Saltillo,4,757,523,492,24,21,38,4,3,0,0,1105,10,1115
Saltillo,4,758,363,305,28,8,9,0,1,0,0,714,12,726
Saltillo,4,759,528,426,31,9,22,5,1,0,0,1022,8,1030
Saltillo,4,760,216,213,9,8,6,0,2,1,0,455,6,461
Saltillo,4,761,276,282,19,5,16,2,1,0,0,601,5,606
Saltillo,4,762,403,172,24,5,12,1,2,1,0,620,9,629
Saltillo,4,763,444,307,28,9,30,1,0,2,0,821,11,832
Saltillo,4,764,505,374,24,19,33,4,1,0,0,960,15,975
Saltillo,4,765,246,313,7,7,4,3,0,0,0,580,1,581
Saltillo,4,766,393,682,14,22,15,3,2,0,0,1131,24,1155
Saltillo,3,767,250,235,14,7,3,1,1,0,0,511,6,517
Saltillo,3,768,401,751,15,21,20,3,1,0,0,1212,20,1232
Saltillo,3,769,151,290,10,6,9,0,0,0,0,466,89,555
Saltillo,3,770,165,279,5,6,8,0,0,0,0,463,6,469
Saltillo,3,771,118,490,15,71,10,1,1,0,0,706,30,736
Saltillo,4,772,301,165,20,8,22,1,2,1,0,520,7,527
Saltillo,4,773,395,139,14,3,20,3,0,1,0,575,5,580
Saltillo,4,774,291,377,18,11,12,0,2,0,0,711,18,729
Saltillo,4,775,244,297,5,7,10,2,2,0,0,567,11,578
Saltillo,4,776,459,318,20,12,12,3,1,0,0,825,3,828
Saltillo,5,777,394,440,14,9,14,5,1,0,0,877,8,885
Saltillo,4,778,362,325,10,10,13,1,3,0,0,724,11,735
Saltillo,4,779,412,332,20,12,15,3,0,1,0,795,13,808
Saltillo,4,780,288,292,20,8,9,5,1,2,0,625,6,631
Saltillo,3,781,382,244,18,8,11,4,3,2,0,672,5,677
Saltillo,3,782,319,224,25,2,16,0,1,0,0,587,7,594
Saltillo,3,783,360,354,25,7,22,4,4,0,0,776,8,784
Saltillo,3,784,368,205,28,7,13,0,1,0,0,622,4,626
Saltillo,3,785,310,164,24,4,6,0,0,0,0,508,9,517
Saltillo,3,786,399,212,28,4,11,2,3,1,0,660,18,678
Saltillo,3,787,198,408,13,11,6,3,3,0,0,642,8,650
Saltillo,3,788,117,436,12,57,2,3,2,0,0,629,28,657
Saltillo,3,789,146,347,5,5,6,1,0,0,0,510,12,522
Saltillo,3,790,186,511,14,15,16,1,1,0,0,744,18,762
Saltillo,3,791,220,283,14,5,12,3,2,0,0,539,4,543
Saltillo,3,792,242,467,10,14,21,2,0,1,0,757,20,777
Saltillo,3,793,175,330,12,11,10,0,0,0,0,538,11,549
Saltillo,3,794,126,379,13,55,6,4,0,0,0,583,21,604
Saltillo,3,795,266,499,9,12,17,0,1,0,0,804,16,820
Saltillo,3,796,583,372,50,14,21,5,2,0,0,1047,15,1062
Saltillo,3,797,290,183,15,5,13,2,1,0,0,509,17,526
Saltillo,3,798,354,198,14,2,9,2,4,1,0,584,9,593
Saltillo,3,799,250,192,11,8,17,0,2,1,0,481,4,485
Saltillo,4,800,468,385,22,16,17,3,0,0,0,911,26,937
Saltillo,4,801,342,334,88,7,11,6,3,0,0,791,6,797
Saltillo,4,802,180,160,6,5,10,4,3,0,0,368,1,369
Saltillo,4,803,193,296,18,8,6,3,0,0,0,524,5,529
Saltillo,4,804,225,337,12,9,10,0,2,1,0,596,12,608
Saltillo,4,805,196,312,9,8,9,2,2,0,0,538,5,543
Saltillo,3,806,171,157,9,1,9,0,1,0,0,348,5,353
Saltillo,3,807,225,281,11,10,17,2,2,0,0,548,10,558
Saltillo,3,808,265,257,11,11,10,0,1,1,0,556,13,569
Saltillo,3,809,151,208,13,8,9,0,3,0,0,392,8,400
Saltillo,3,810,328,148,16,9,3,2,1,0,0,507,9,516
Saltillo,3,811,206,165,11,1,18,1,1,0,0,403,7,410
Saltillo,3,812,190,364,14,10,11,2,4,1,0,596,15,611
Saltillo,3,813,155,323,13,10,5,1,0,0,0,507,10,517
Saltillo,3,814,175,508,14,30,9,1,1,0,0,738,17,755
Saltillo,3,815,148,362,11,6,13,0,0,0,0,540,7,547
Saltillo,3,816,490,787,19,49,23,5,3,0,0,1376,28,1404
Saltillo,3,817,178,443,15,21,9,3,0,0,0,669,20,689
Saltillo,3,818,122,434,15,8,14,3,2,0,0,598,14,612
Saltillo,3,819,206,423,20,7,14,2,2,0,0,674,7,681
Saltillo,3,820,121,380,13,6,8,3,0,0,0,531,22,553
Saltillo,3,821,173,322,6,8,6,0,0,0,0,515,6,521
Saltillo,3,822,130,299,22,6,4,1,2,0,0,464,5,469
Saltillo,3,823,162,297,4,15,13,1,0,0,0,492,12,504
Saltillo,3,824,123,211,10,23,2,0,1,68,0,438,8,446
Saltillo,3,825,118,268,8,6,6,0,0,0,0,406,4,410
Saltillo,3,826,217,218,12,4,4,0,0,0,0,455,2,457
Saltillo,3,827,250,161,12,7,19,2,3,0,0,454,9,463
Saltillo,3,828,243,319,16,5,11,1,1,0,0,596,10,606
Saltillo,4,829,338,442,13,21,14,3,2,0,0,833,28,861
Saltillo,5,830,1167,1803,65,33,69,12,5,0,0,3154,453,3607
Saltillo,5,831,225,354,14,9,13,8,3,0,0,626,10,636
Saltillo,5,832,291,504,17,15,18,4,7,0,0,856,12,868
Saltillo,5,833,349,324,22,5,11,2,0,180,0,893,18,911
Saltillo,5,834,151,345,2,9,3,2,1,1,0,514,12,526
Saltillo,3,835,129,403,12,12,5,3,0,0,0,564,11,575
Saltillo,3,836,241,457,10,11,6,0,2,0,0,727,26,753
Saltillo,3,837,152,221,12,13,9,1,0,0,0,408,22,430
Saltillo,3,838,225,237,16,4,9,2,2,0,0,495,10,505
Saltillo,3,839,224,192,14,6,7,1,1,1,0,446,10,456
Saltillo,3,840,150,239,14,5,4,6,1,0,0,419,4,423
Saltillo,3,841,208,181,19,5,6,0,2,0,0,421,8,429
Saltillo,3,842,134,172,14,10,8,5,2,0,0,345,7,352
Saltillo,3,843,182,180,25,15,9,0,2,1,0,414,13,427
Saltillo,3,844,180,125,6,5,6,4,1,0,0,327,4,331
Saltillo,3,845,168,151,12,5,7,0,4,0,0,347,6,353
Saltillo,3,846,191,198,10,5,7,2,0,1,0,414,4,418
Saltillo,3,847,327,308,17,14,27,7,6,0,0,706,21,727
Saltillo,3,848,263,165,15,5,10,5,0,1,0,464,5,469
Saltillo,3,849,81,198,4,5,6,3,0,0,0,297,9,306
Saltillo,3,850,303,432,7,11,6,1,0,0,0,760,15,775
Saltillo,2,851,248,338,9,5,14,2,0,0,0,616,32,648
Saltillo,3,852,143,451,14,10,8,9,0,0,0,635,13,648
Saltillo,2,853,190,437,9,6,13,1,1,0,0,657,19,676
Saltillo,2,854,235,386,14,11,12,3,3,0,0,664,13,677
Saltillo,2,855,324,301,22,12,14,2,0,0,0,675,12,687
Saltillo,2,856,294,340,17,9,22,4,0,1,0,687,12,699
Saltillo,2,857,267,231,8,2,18,4,10,1,0,541,6,547
Saltillo,3,858,197,154,15,5,13,4,1,0,0,389,9,398
Saltillo,3,859,215,187,24,4,14,0,4,0,0,448,12,460
Saltillo,3,860,203,230,11,9,6,1,4,1,0,465,10,475
Saltillo,3,861,203,179,8,6,5,4,3,0,0,408,3,411
Saltillo,3,862,212,298,13,10,18,2,3,0,0,556,8,564
Saltillo,5,863,253,393,17,12,8,3,2,0,0,688,391,1079
Saltillo,5,864,264,359,9,10,8,1,1,0,0,652,11,663
Saltillo,5,865,310,388,15,12,12,2,2,0,0,741,5,746
Saltillo,5,866,402,272,22,9,14,4,3,0,0,726,8,734
Saltillo,5,867,323,353,8,16,13,0,1,0,0,714,5,719
Saltillo,5,868,523,783,18,14,20,3,7,0,0,1368,2,1370
Saltillo,5,869,720,1385,43,32,50,10,8,1,0,2249,31,2280
Saltillo,5,870,208,201,6,13,10,2,0,0,0,440,7,447
Saltillo,5,871,344,244,21,15,16,1,1,0,0,642,7,649
Saltillo,5,872,401,316,21,6,17,10,2,0,0,773,5,778
Saltillo,2,873,192,345,15,9,10,0,0,0,0,571,12,583
Saltillo,2,874,142,162,9,9,11,2,0,0,0,335,7,342
Saltillo,2,875,220,166,14,8,13,1,2,1,0,425,8,433
Saltillo,2,876,226,261,10,17,11,1,1,0,0,527,12,539
Saltillo,2,877,233,211,12,6,12,1,2,0,0,477,274,751
Saltillo,2,878,165,136,10,1,10,1,1,0,0,324,4,328
Saltillo,2,879,171,199,8,8,7,0,2,0,0,395,9,404
Saltillo,2,880,281,278,15,8,12,0,5,0,0,599,12,611
Saltillo,2,881,157,186,11,4,19,0,1,0,0,378,8,386
Saltillo,2,882,206,234,14,5,13,3,9,1,0,485,12,497
Saltillo,2,883,257,448,11,6,17,2,0,1,0,742,15,757
Saltillo,2,884,227,277,13,7,8,2,0,0,0,534,16,550
Saltillo,2,885,140,402,6,10,11,2,5,0,0,576,21,597
Saltillo,2,886,224,425,11,7,10,1,0,0,0,678,13,691
Saltillo,2,887,202,388,16,9,11,1,2,1,0,630,16,646
Saltillo,2,888,208,433,13,3,8,2,4,0,0,671,13,684
Saltillo,2,889,169,330,10,4,12,0,1,87,0,613,10,623
Saltillo,2,890,152,323,10,8,16,2,1,0,0,512,5,517
Saltillo,2,891,202,240,15,2,16,1,4,0,0,480,13,493
Saltillo,2,892,180,179,10,8,10,1,0,0,0,388,6,394
Saltillo,2,893,276,257,10,4,13,0,0,1,0,561,12,573
Saltillo,2,894,122,209,9,6,5,1,0,65,0,417,7,424
Saltillo,2,895,134,406,6,15,6,2,2,0,0,571,12,583
Saltillo,2,896,198,255,7,10,10,0,4,0,0,484,11,495
Saltillo,2,897,275,325,19,6,8,0,2,0,0,635,6,641
Saltillo,2,898,295,226,24,7,20,4,2,0,0,578,12,590
Saltillo,2,899,260,242,21,7,9,3,2,0,0,544,9,553
Saltillo,2,900,127,137,8,10,12,5,0,0,0,299,1,300
Saltillo,5,901,147,117,17,8,8,2,1,0,0,300,4,304
Saltillo,5,902,292,392,11,9,11,9,3,0,0,727,6,733
Saltillo,5,903,147,336,6,9,13,0,2,0,0,513,15,528
Saltillo,5,904,174,344,9,5,5,0,2,0,0,539,17,556
Saltillo,5,905,458,841,10,15,30,5,3,1,0,1363,18,1381
Saltillo,5,906,218,377,10,5,14,2,1,0,0,627,11,638
Saltillo,5,907,430,2666,58,15,45,5,2,4,0,3225,118,3343
Saltillo,5,908,58,447,4,4,4,4,0,0,0,521,37,558
Saltillo,5,909,135,426,11,4,10,3,0,0,0,589,11,600
Saltillo,5,910,133,281,10,9,8,2,0,0,0,443,14,457
Saltillo,5,911,227,394,11,7,16,1,0,1,0,657,9,666
Saltillo,2,912,319,303,19,8,24,3,0,0,0,676,9,685
Saltillo,2,913,254,320,16,10,19,1,3,2,0,625,14,639
Saltillo,2,914,431,652,20,36,44,0,7,0,0,1190,49,1239
Saltillo,2,915,178,282,10,12,9,2,2,0,0,495,10,505
Saltillo,2,916,149,274,5,6,8,1,4,0,0,447,6,453
Saltillo,2,917,117,247,17,7,6,0,2,0,0,396,10,406
Saltillo,2,918,162,223,11,12,4,1,3,0,0,416,11,427
Saltillo,2,919,315,302,18,7,14,1,1,0,0,658,10,668
Saltillo,2,920,176,278,13,5,11,2,3,0,0,488,11,499
Saltillo,2,921,175,392,14,12,17,0,4,2,0,616,10,626
Saltillo,2,922,197,398,12,14,18,4,3,0,0,646,17,663
Saltillo,2,923,124,452,13,4,9,1,0,0,0,603,14,617
Saltillo,2,924,141,290,9,18,6,1,2,0,0,467,9,476
Saltillo,2,925,140,337,6,13,9,5,0,0,0,510,11,521
Saltillo,2,926,86,384,10,6,18,2,1,0,0,507,12,519
Saltillo,2,927,123,400,9,4,6,1,0,0,0,543,19,562
Saltillo,2,928,116,388,7,8,8,0,4,0,0,531,10,541
Saltillo,2,929,141,384,17,9,5,2,2,0,0,560,28,588
Saltillo,1,930,207,462,11,8,13,6,6,0,0,713,16,729
Saltillo,2,931,168,323,9,0,14,1,0,0,0,515,4,519
Saltillo,2,932,231,472,7,19,11,1,2,0,0,743,9,752
Saltillo,2,933,195,335,6,6,4,7,1,0,0,554,10,564
Saltillo,2,934,213,409,3,5,7,2,1,0,0,640,13,653
Saltillo,2,935,128,374,12,15,8,1,1,0,0,539,20,559
Saltillo,2,936,241,499,18,9,13,0,2,0,0,782,9,791
Saltillo,2,937,253,321,9,13,11,0,2,0,0,609,9,618
Saltillo,2,938,142,548,13,4,11,4,1,0,0,723,3,726
Saltillo,2,939,170,270,8,3,6,5,0,0,0,462,10,472
Saltillo,5,940,159,292,7,4,17,0,1,0,0,480,13,493
Saltillo,5,941,214,383,6,10,14,0,0,0,0,627,13,640
Saltillo,5,942,182,384,6,6,5,2,0,0,0,585,21,606
Saltillo,5,943,601,1329,31,20,58,6,3,0,0,2048,25,2073
Saltillo,5,944,47,300,3,2,6,2,0,0,0,360,10,370
Saltillo,5,945,57,345,4,1,1,4,0,0,0,412,4,416
Saltillo,5,946,134,561,5,12,9,0,1,0,0,722,21,743
Saltillo,5,947,161,225,9,2,10,0,1,1,0,409,7,416
Saltillo,5,948,122,286,8,2,5,4,1,4,0,432,5,437
Saltillo,5,949,411,941,23,19,26,0,3,0,0,1423,22,1445
Saltillo,5,950,194,584,13,8,12,3,0,0,0,814,30,844
Saltillo,5,951,102,252,4,0,10,0,0,0,0,368,7,375
Saltillo,5,952,353,717,13,6,9,2,1,0,0,1101,25,1126
Saltillo,5,953,196,413,13,11,11,5,0,0,0,649,11,660
Saltillo,1,954,399,369,10,10,16,1,1,0,0,806,12,818
Saltillo,2,955,159,352,9,12,7,5,3,1,0,548,13,561
Saltillo,1,956,210,405,25,11,12,3,3,1,0,670,13,683
Saltillo,1,957,225,457,31,10,26,1,1,0,0,751,12,763
Saltillo,1,958,299,387,18,12,13,4,7,2,0,742,7,749
Saltillo,2,959,193,412,5,7,5,1,2,1,0,626,12,638
Saltillo,2,960,172,264,10,3,7,1,1,1,0,459,8,467
Saltillo,1,961,191,539,34,6,21,15,4,0,0,810,9,819
Saltillo,2,962,147,295,10,5,9,2,2,0,0,470,8,478
Saltillo,1,963,183,420,22,13,7,7,1,1,0,654,11,665
Saltillo,1,964,192,377,13,6,11,2,1,0,0,602,14,616
Saltillo,1,965,169,416,19,6,5,7,1,0,0,623,22,645
Saltillo,1,966,260,355,13,7,15,3,8,0,0,661,20,681
Saltillo,2,967,164,578,12,11,7,0,1,0,0,773,22,795
Saltillo,2,968,104,349,8,3,10,0,0,0,0,474,9,483
Saltillo,1,969,173,562,10,5,8,0,0,0,0,758,15,773
Saltillo,1,970,513,1098,37,20,29,5,3,1,0,1706,38,1744
Saltillo,1,971,281,371,35,10,11,3,0,0,0,711,15,726
Saltillo,1,972,295,436,15,7,17,0,2,1,0,773,21,794
Saltillo,1,973,174,557,24,8,7,1,0,10,0,781,15,796
Saltillo,1,974,303,530,25,10,14,5,3,0,0,890,7,897
Saltillo,1,975,207,365,15,4,10,4,1,0,0,606,10,616
Saltillo,1,976,496,335,27,5,20,1,4,1,0,889,7,896
Saltillo,1,977,481,485,24,20,14,10,3,0,0,1037,15,1052
Saltillo,1,978,276,445,16,8,16,2,1,2,0,766,17,783
Saltillo,5,979,197,648,4,7,6,1,1,0,0,864,20,884
Saltillo,1,980,183,522,8,16,9,2,2,0,0,742,11,753
Saltillo,1,981,284,649,12,8,9,2,1,1,0,966,9,975
Saltillo,1,982,226,348,17,6,17,4,1,0,0,619,11,630
Saltillo,1,983,246,351,9,8,19,0,5,0,0,638,11,649
Saltillo,1,984,247,344,19,10,10,3,4,0,0,637,30,667
Saltillo,1,985,258,530,21,6,20,3,3,0,0,841,24,865
Saltillo,1,986,210,450,27,7,6,1,0,3,0,704,13,717
Saltillo,1,987,206,893,12,10,15,2,2,0,0,1140,27,1167
Saltillo,1,988,360,194,28,4,24,3,3,1,0,617,266,883
Saltillo,1,989,155,332,9,5,6,0,5,0,0,512,9,521
Saltillo,1,990,348,367,13,8,25,6,4,0,0,771,7,778
Saltillo,1,991,207,284,13,5,12,1,0,1,0,523,10,533
Saltillo,1,992,828,1800,52,24,51,3,6,0,0,2764,24,2788
Saltillo,1,993,588,1708,35,25,55,5,6,106,0,2528,44,2572
Saltillo,1,994,241,1008,13,5,20,3,1,0,0,1291,28,1319
Saltillo,1,995,202,292,10,1,10,1,2,0,0,518,8,526
Saltillo,1,996,231,253,12,6,14,2,2,0,0,520,9,529
Saltillo,1,997,161,194,6,5,4,2,0,0,0,372,0,372
Saltillo,1,998,152,226,5,1,8,0,2,0,0,394,8,402
Saltillo,1,999,122,192,4,2,8,2,2,0,0,332,3,335
Saltillo,4,1000,3,111,1,1,0,0,0,0,0,116,9,125
Saltillo,4,1001,2,114,0,29,1,1,0,0,0,147,9,156
Saltillo,4,1002,27,119,1,1,0,0,1,0,0,149,8,157
Saltillo,1,1003,18,30,0,0,0,0,0,0,0,48,75,123
Saltillo,1,1004,17,98,0,3,2,0,0,0,0,120,2,122
Saltillo,1,1005,32,131,6,2,16,0,1,1,0,189,6,195
Saltillo,1,1006,91,414,14,4,8,3,0,0,0,534,11,545
Saltillo,1,1007,8,104,2,1,1,1,0,0,0,117,1,118
Saltillo,1,1008,23,104,1,3,2,0,0,0,0,133,3,136
Saltillo,1,1009,35,219,11,5,2,1,0,0,0,273,10,283
Saltillo,1,1010,20,101,0,1,0,0,0,0,0,122,3,125
Saltillo,1,1011,79,360,7,3,5,1,1,0,0,456,21,477
Saltillo,1,1012,6,67,0,0,0,0,0,0,0,73,7,80
Saltillo,1,1013,17,66,1,2,0,1,0,0,0,87,3,90
Saltillo,1,1014,54,315,4,5,0,0,0,0,0,378,3,381
Saltillo,1,1015,13,103,4,3,0,1,1,0,0,125,3,128
Saltillo,1,1016,5,93,1,0,0,0,0,0,0,99,2,101
Saltillo,1,1017,2,27,0,0,0,0,0,0,0,29,0,29
Saltillo,1,1018,8,25,2,1,0,0,0,0,0,36,2,38
Saltillo,1,1019,7,99,0,1,0,0,0,0,0,107,3,110
Saltillo,1,1020,22,13,0,0,0,0,0,0,0,35,3,38
Saltillo,1,1021,3,75,1,0,0,0,0,0,0,79,4,83
Saltillo,1,1022,34,40,1,1,0,0,0,0,0,76,7,83
Saltillo,1,1023,32,104,1,1,1,0,0,0,0,139,1,140
Saltillo,1,1024,11,57,0,0,0,0,0,0,0,68,1,69
Saltillo,1,1025,6,62,2,0,0,0,0,0,0,70,12,82
Saltillo,1,1026,9,66,0,0,0,0,0,0,0,75,6,81
Saltillo,1,1027,10,69,1,0,0,0,0,0,0,80,3,83
Saltillo,1,1028,0,52,0,0,0,0,0,0,0,52,2,54
Saltillo,1,1029,19,76,2,0,3,0,1,0,0,101,6,107
Saltillo,1,1030,8,73,1,0,1,2,0,0,0,85,5,90
Saltillo,1,1031,16,171,3,0,2,0,0,0,0,192,6,198
Saltillo,1,1032,6,55,0,0,2,1,0,0,0,64,3,67
Saltillo,1,1033,24,75,2,0,0,1,0,0,0,102,3,105
Saltillo,1,1034,9,39,0,0,0,0,0,0,0,48,4,52
Saltillo,1,1035,2,84,1,0,0,0,0,0,0,87,87,174
Saltillo,1,1036,18,57,0,1,0,0,0,0,0,76,4,80
Saltillo,1,1037,11,25,0,0,0,0,0,0,0,36,2,38
Saltillo,1,1038,20,112,1,1,0,0,0,0,0,134,4,138
Saltillo,1,1039,14,174,3,0,0,0,0,0,0,191,14,205
San Buenaventura,14,1040,159,196,0,83,0,0,0,0,0,438,13,451
San Buenaventura,14,1041,132,293,0,148,0,0,0,0,0,573,6,579
San Buenaventura,14,1042,141,248,0,130,0,0,0,0,0,519,5,524
San Buenaventura,14,1043,157,279,0,174,0,0,0,0,0,610,9,619
San Buenaventura,14,1044,137,348,0,191,0,0,0,0,0,676,7,683
San Buenaventura,14,1045,97,202,0,122,0,0,0,0,0,421,3,424
San Buenaventura,14,1046,106,277,0,171,0,0,0,0,0,554,6,560
San Buenaventura,14,1047,163,436,0,209,0,0,0,0,0,808,6,814
San Buenaventura,14,1048,294,330,0,185,0,0,0,0,0,809,8,817
San Buenaventura,14,1049,133,202,0,149,0,0,0,0,0,484,6,490
San Buenaventura,14,1050,87,228,0,111,0,0,0,0,0,426,5,431
San Buenaventura,14,1051,142,236,0,102,0,0,0,0,0,480,6,486
San Buenaventura,14,1052,148,156,0,90,0,0,0,0,0,394,4,398
San Buenaventura,0,1053,0,0,0,0,0,0,0,0,0,0,0,0
San Buenaventura,14,1054,18,52,0,68,0,0,0,0,0,138,0,138
San Buenaventura,14,1055,45,71,0,89,0,0,0,0,0,205,6,211
San Buenaventura,14,1056,77,74,0,32,0,0,0,0,0,183,11,194
San Buenaventura,14,1057,39,96,0,64,0,0,0,0,0,199,4,203
San Juan de Sabinas,18,1058,86,211,29,1,16,15,0,0,0,358,4,362
San Juan de Sabinas,18,1059,88,164,39,0,5,0,0,0,0,296,3,299
San Juan de Sabinas,18,1060,105,200,18,2,5,37,0,17,0,384,14,398
San Juan de Sabinas,18,1061,165,204,231,6,11,22,0,1,0,640,12,652
San Juan de Sabinas,18,1062,113,289,95,1,5,3,0,5,0,511,13,524
San Juan de Sabinas,18,1063,107,330,146,14,14,9,0,1,0,621,5,626
San Juan de Sabinas,18,1064,137,379,172,3,16,10,0,6,0,723,31,754
San Juan de Sabinas,18,1065,77,207,95,1,12,11,0,3,0,406,19,425
San Juan de Sabinas,18,1066,77,218,139,4,10,7,0,1,0,456,9,465
San Juan de Sabinas,18,1067,164,411,158,10,13,15,0,11,0,782,34,816
San Juan de Sabinas,18,1068,103,308,215,7,11,8,0,2,0,654,11,665
San Juan de Sabinas,18,1069,59,157,40,2,6,0,0,0,0,264,7,271
San Juan de Sabinas,18,1070,34,136,66,2,3,6,0,0,0,247,10,257
San Juan de Sabinas,18,1071,105,520,163,13,28,5,0,2,0,836,27,863
San Juan de Sabinas,18,1072,129,276,155,4,5,7,0,5,0,581,6,587
San Juan de Sabinas,18,1073,109,369,253,7,18,13,0,4,0,773,17,790
San Juan de Sabinas,18,1074,64,257,91,4,9,16,0,3,0,444,12,456
San Juan de Sabinas,18,1075,47,272,77,0,4,3,0,2,0,405,6,411
San Juan de Sabinas,18,1076,152,340,197,3,18,0,0,0,0,710,5,715
San Juan de Sabinas,18,1077,73,226,112,5,11,8,0,0,0,435,8,443
San Juan de Sabinas,18,1078,218,464,220,9,20,7,0,5,0,943,13,956
San Juan de Sabinas,18,1079,142,291,154,1,11,9,0,6,0,614,6,620
San Juan de Sabinas,18,1080,86,235,152,4,14,5,0,2,0,498,4,502
San Juan de Sabinas,18,1081,75,180,127,3,1,8,0,3,0,397,5,402
San Juan de Sabinas,18,1082,78,378,170,8,13,3,0,7,0,657,13,670
San Juan de Sabinas,18,1083,125,337,169,10,14,21,0,2,0,678,3,681
San Juan de Sabinas,18,1084,104,264,104,5,17,0,0,0,0,494,4,498
San Juan de Sabinas,18,1085,107,264,128,6,13,2,0,5,0,525,9,534
San Juan de Sabinas,18,1086,107,259,154,6,10,7,0,1,0,544,4,548
San Juan de Sabinas,18,1087,80,252,119,9,44,6,0,0,0,510,12,522
San Juan de Sabinas,18,1088,150,294,166,4,48,6,0,8,0,676,3,679
San Juan de Sabinas,18,1089,22,199,35,3,20,5,0,1,0,285,12,297
San Juan de Sabinas,18,1090,62,156,29,6,23,0,0,0,0,276,10,286
San Pedro,13,1091,39,425,393,1,6,10,0,0,0,874,9,883
San Pedro,13,1092,7,98,103,0,1,0,0,0,0,209,2,211
San Pedro,13,1093,19,306,352,6,5,9,0,0,0,697,19,716
San Pedro,13,1094,4,249,352,5,12,2,0,0,0,624,13,637
San Pedro,13,1095,3,284,241,2,1,7,0,0,0,538,11,549
San Pedro,13,1096,25,340,401,5,3,4,0,0,0,778,19,797
San Pedro,13,1097,15,311,297,2,1,2,0,0,0,628,15,643
San Pedro,13,1098,37,425,453,4,5,14,0,0,0,938,25,963
San Pedro,13,1099,22,265,260,1,3,8,0,0,0,559,15,574
San Pedro,13,1100,9,292,467,2,4,1,0,0,0,775,21,796
San Pedro,13,1101,20,253,141,1,1,9,0,0,0,425,3,428
San Pedro,13,1102,22,196,169,2,1,8,0,0,0,398,3,401
San Pedro,13,1103,38,280,314,3,2,13,0,0,0,650,19,669
San Pedro,13,1104,20,342,326,3,3,19,0,0,0,713,17,730
San Pedro,13,1105,11,232,227,1,1,4,0,0,0,476,12,488
San Pedro,13,1106,5,122,235,1,5,2,0,0,0,370,16,386
San Pedro,13,1107,13,148,112,1,2,5,0,0,0,281,5,286
San Pedro,13,1108,20,394,178,0,1,28,0,0,0,621,6,627
San Pedro,13,1109,38,399,318,2,1,34,0,0,0,792,13,805
San Pedro,13,1110,25,215,192,0,2,15,0,0,0,449,9,458
San Pedro,13,1111,34,390,366,2,5,15,0,0,0,812,22,834
San Pedro,13,1112,24,272,223,7,5,15,0,0,0,546,11,557
San Pedro,13,1113,17,262,239,2,14,0,0,0,0,534,20,554
San Pedro,13,1114,63,339,200,1,4,16,0,0,0,623,26,649
San Pedro,13,1115,25,292,227,5,4,3,0,0,0,556,13,569
San Pedro,13,1116,29,444,347,7,1,7,0,0,0,835,25,860
San Pedro,13,1117,19,294,358,7,4,3,0,0,0,685,22,707
San Pedro,13,1118,13,317,324,2,2,5,0,0,0,663,14,677
San Pedro,13,1119,7,53,34,6,0,0,0,0,0,100,5,105
San Pedro,13,1120,0,68,28,1,1,1,0,0,0,99,2,101
San Pedro,13,1121,15,54,69,1,0,1,0,0,0,140,1,141
San Pedro,13,1122,14,119,106,40,3,0,0,0,0,282,14,296
San Pedro,13,1123,2,16,19,0,0,0,0,0,0,37,1,38
San Pedro,13,1124,1,52,9,2,0,0,0,0,0,64,1,65
San Pedro,13,1125,26,371,146,3,4,2,0,0,0,552,24,576
San Pedro,13,1126,4,52,68,2,1,0,0,0,0,127,12,139
San Pedro,13,1127,6,135,157,0,1,1,0,0,0,300,12,312
San Pedro,13,1128,11,197,189,4,2,0,0,0,0,403,6,409
San Pedro,13,1129,16,137,222,11,1,3,0,0,0,390,19,409
San Pedro,13,1130,6,243,188,2,1,0,0,0,0,440,11,451
San Pedro,13,1131,7,138,319,4,2,0,0,0,0,470,11,481
San Pedro,13,1132,9,365,360,13,1,0,0,0,0,748,9,757
San Pedro,13,1133,0,177,89,3,1,1,0,0,0,271,0,271
San Pedro,13,1134,2,47,63,2,1,0,0,0,0,115,4,119
San Pedro,13,1135,16,164,243,1,1,2,0,0,0,427,26,453
San Pedro,13,1136,34,346,265,4,3,0,0,0,0,652,25,677
San Pedro,13,1137,12,298,269,3,4,1,0,0,0,587,21,608
San Pedro,13,1138,26,226,181,1,1,1,0,0,0,436,16,452
San Pedro,13,1139,13,151,256,0,2,3,0,0,0,425,15,440
San Pedro,13,1140,24,233,548,1,2,1,0,0,0,809,36,845
San Pedro,13,1141,13,351,418,4,1,2,0,0,0,789,24,813
San Pedro,13,1142,20,326,401,5,1,0,0,0,0,753,7,760
San Pedro,13,1143,3,83,137,2,1,1,0,0,0,227,4,231
San Pedro,13,1144,12,146,48,2,0,2,0,0,0,210,3,213
San Pedro,13,1145,0,36,39,0,0,0,0,0,0,75,2,77
San Pedro,13,1146,18,233,265,2,2,1,0,0,0,521,20,541
San Pedro,13,1147,18,188,153,21,1,0,0,0,0,381,9,390
San Pedro,13,1148,11,140,331,1,0,4,0,0,0,487,25,512
San Pedro,13,1149,18,552,387,3,0,1,0,0,0,961,41,1002
San Pedro,13,1150,2,122,128,1,1,0,0,0,0,254,8,262
San Pedro,13,1151,3,184,166,4,1,1,0,0,0,359,12,371
San Pedro,13,1152,2,90,115,1,1,0,0,0,0,209,14,223
San Pedro,13,1153,3,144,194,1,0,0,0,0,0,342,4,346
San Pedro,13,1154,9,189,236,4,2,1,0,0,0,441,15,456
San Pedro,13,1155,14,170,108,7,1,4,0,0,0,304,18,322
San Pedro,13,1156,7,325,332,2,0,0,0,0,0,666,14,680
San Pedro,13,1157,30,286,372,6,1,3,0,0,0,698,26,724
San Pedro,13,1158,14,136,209,19,1,0,0,0,0,379,206,585
San Pedro,13,1159,7,249,260,1,1,0,0,0,0,518,30,548
San Pedro,13,1160,11,130,256,1,0,0,0,0,0,398,17,415
San Pedro,13,1161,9,237,302,0,0,0,0,0,0,548,25,573
San Pedro,13,1162,20,269,293,8,3,0,0,0,0,593,17,610
San Pedro,13,1163,51,261,368,5,2,14,0,0,0,701,40,741
San Pedro,13,1164,5,83,130,1,1,0,0,0,0,220,13,233
San Pedro,13,1165,2,114,63,0,0,0,0,0,0,179,8,187
Sierra Mojada,14,1166,34,121,3,19,0,0,0,0,0,177,7,184
Sierra Mojada,14,1167,151,347,11,4,0,2,0,1,0,516,8,524
Sierra Mojada,14,1168,8,95,1,1,0,1,0,0,0,106,1,107
Sierra Mojada,14,1169,7,18,1,2,0,0,0,0,0,28,0,28
Sierra Mojada,14,1170,125,209,34,23,0,0,0,0,0,391,7,398
Sierra Mojada,14,1171,25,66,1,27,0,0,0,6,0,125,0,125
Torreón,9,1172,172,177,9,0,3,0,1,0,0,362,6,368
Torreón,9,1173,235,267,16,5,4,0,2,0,0,529,13,542
Torreón,9,1174,135,117,5,5,4,0,0,0,0,266,1,267
Torreón,9,1175,199,203,11,3,5,0,1,0,0,422,4,426
Torreón,9,1176,319,326,9,3,3,0,1,0,0,661,5,666
Torreón,9,1177,290,257,9,4,3,0,0,0,0,563,15,578
Torreón,9,1178,237,246,6,3,3,0,0,0,0,495,3,498
Torreón,12,1179,271,377,7,3,3,0,0,0,0,661,8,669
Torreón,9,1180,633,700,18,6,3,0,3,0,0,1363,374,1737
Torreón,9,1181,300,237,11,2,0,0,0,0,0,550,6,556
Torreón,9,1182,241,271,11,2,3,0,0,0,0,528,5,533
Torreón,9,1183,483,217,9,0,3,0,0,0,0,712,7,719
Torreón,12,1184,602,552,18,6,7,0,10,0,0,1195,15,1210
Torreón,9,1185,344,342,16,7,2,0,3,0,0,714,19,733
Torreón,9,1186,168,216,24,5,3,0,2,0,0,418,191,609
Torreón,9,1187,592,184,11,5,4,0,2,0,0,798,2,800
Torreón,9,1188,472,208,5,2,4,0,0,0,0,691,1,692
Torreón,9,1189,350,393,9,2,9,0,6,0,0,769,5,774
Torreón,9,1190,350,410,11,5,4,0,0,0,0,780,4,784
Torreón,9,1191,334,231,10,5,5,0,3,0,0,588,1,589
Torreón,9,1192,393,326,11,3,7,0,3,0,0,743,3,746
Torreón,9,1193,642,312,19,2,8,0,0,0,0,983,5,988
Torreón,9,1194,492,318,18,1,2,0,1,0,0,832,8,840
Torreón,9,1195,500,331,13,3,4,0,1,0,0,852,7,859
Torreón,9,1196,471,385,10,2,4,0,2,0,0,874,15,889
Torreón,9,1197,521,386,14,12,4,0,0,0,0,937,6,943
Torreón,9,1198,343,414,14,4,5,0,4,0,0,784,4,788
Torreón,9,1199,416,281,13,3,3,0,2,0,0,718,2,720
Torreón,9,1200,834,166,6,1,11,0,0,0,0,1018,3,1021
Torreón,9,1201,442,267,13,2,5,0,5,0,0,734,1,735
Torreón,9,1202,293,337,16,7,4,0,1,0,0,658,8,666
Torreón,9,1203,451,235,21,1,9,0,0,0,0,717,1,718
Torreón,9,1204,641,213,6,4,1,0,5,0,0,870,6,876
Torreón,9,1205,604,187,17,7,2,0,4,0,0,821,1,822
Torreón,9,1206,609,194,7,6,12,0,2,0,0,830,9,839
Torreón,9,1207,815,218,4,3,4,0,2,0,0,1046,2,1048
Torreón,9,1208,420,273,6,5,1,0,3,0,0,708,4,712
Torreón,9,1209,596,381,14,6,3,0,0,0,0,1000,7,1007
Torreón,9,1210,587,348,12,5,6,0,3,0,0,961,10,971
Torreón,9,1211,258,222,5,4,1,0,1,0,0,491,2,493
Torreón,9,1212,247,189,6,3,2,0,0,0,0,447,4,451
Torreón,9,1213,568,335,11,3,4,0,1,0,0,922,2,924
Torreón,9,1214,729,331,15,3,3,0,4,0,0,1085,3,1088
Torreón,9,1215,655,303,13,2,3,0,1,0,0,977,5,982
Torreón,9,1216,332,219,14,1,10,0,1,0,0,577,2,579
Torreón,9,1217,312,144,2,4,2,0,2,0,0,466,1,467
Torreón,9,1218,729,271,14,6,4,0,5,0,0,1029,6,1035
Torreón,9,1219,590,144,1,1,2,0,0,0,0,738,4,742
Torreón,8,1220,407,297,14,4,11,0,0,0,0,733,8,741
Torreón,8,1221,383,290,11,8,1,0,0,0,0,693,8,701
Torreón,8,1222,394,239,7,3,3,0,2,0,0,648,3,651
Torreón,8,1223,301,268,5,4,1,0,0,0,0,579,6,585
Torreón,8,1224,384,307,10,3,3,0,2,0,0,709,10,719
Torreón,8,1225,272,207,4,4,4,0,2,0,0,493,4,497
Torreón,8,1226,233,168,5,0,2,0,2,0,0,410,3,413
Torreón,9,1227,675,214,14,3,0,0,3,0,0,909,7,916
Torreón,9,1228,612,159,14,1,2,0,2,0,0,790,0,790
Torreón,9,1229,235,240,4,2,1,0,0,0,0,482,4,486
Torreón,9,1230,230,228,8,6,3,0,0,0,0,475,9,484
Torreón,9,1231,211,140,8,3,0,0,0,0,0,362,8,370
Torreón,9,1232,540,165,12,4,4,0,2,0,0,727,2,729
Torreón,9,1233,520,231,9,2,3,0,1,0,0,766,7,773
Torreón,8,1234,329,181,8,2,1,0,1,0,0,522,3,525
Torreón,8,1235,283,156,11,3,3,0,0,0,0,456,2,458
Torreón,8,1236,266,125,9,5,3,0,3,0,0,411,3,414
Torreón,8,1237,285,136,7,2,3,0,1,0,0,434,5,439
Torreón,8,1238,230,149,9,2,3,0,3,0,0,396,1,397
Torreón,8,1239,317,132,6,2,2,0,3,0,0,462,8,470
Torreón,8,1240,321,233,12,3,1,0,2,0,0,572,2,574
Torreón,8,1241,337,151,10,8,5,0,0,0,0,511,4,515
Torreón,8,1242,368,171,13,5,5,0,1,0,0,563,8,571
Torreón,8,1243,269,143,3,3,2,0,1,0,0,421,4,425
Torreón,8,1244,224,132,3,1,3,0,3,0,0,366,5,371
Torreón,8,1245,287,187,12,7,3,0,6,0,0,502,6,508
Torreón,9,1246,239,156,9,5,1,0,6,0,0,416,2,418
Torreón,9,1247,390,269,12,4,4,0,3,0,0,682,7,689
Torreón,9,1248,346,333,28,4,8,0,0,0,0,719,8,727
Torreón,9,1249,294,183,7,1,2,0,1,0,0,488,3,491
Torreón,9,1250,250,209,3,0,2,0,3,0,0,467,7,474
Torreón,9,1251,157,180,8,3,1,0,1,0,0,350,3,353
Torreón,9,1252,225,225,5,7,2,0,3,0,0,467,7,474
Torreón,9,1253,297,244,14,1,3,0,7,0,0,566,4,570
Torreón,9,1254,374,298,13,4,7,0,2,0,0,698,8,706
Torreón,8,1255,263,170,6,1,4,0,4,0,0,448,1,449
Torreón,8,1256,218,171,3,9,4,0,0,0,0,405,7,412
Torreón,8,1257,397,326,15,5,2,0,3,0,0,748,7,755
Torreón,8,1258,285,414,15,3,8,0,2,0,0,727,12,739
Torreón,8,1259,391,319,19,9,9,0,1,0,0,748,5,753
Torreón,8,1260,33,37,1,0,0,0,0,0,0,71,2,73
Torreón,8,1261,384,457,14,0,9,0,0,0,0,864,9,873
Torreón,8,1262,180,248,6,16,3,0,2,0,0,455,6,461
Torreón,8,1263,178,272,6,1,2,0,0,0,0,459,3,462
Torreón,8,1264,291,454,9,2,1,0,2,0,0,759,14,773
Torreón,8,1265,188,260,4,6,3,0,1,0,0,462,8,470
Torreón,8,1266,421,448,22,5,4,0,5,0,0,905,16,921
Torreón,8,1267,323,362,12,9,3,0,5,0,0,714,3,717
Torreón,8,1268,192,107,8,3,3,0,4,0,0,317,2,319
Torreón,8,1269,234,258,11,0,3,0,9,0,0,515,6,521
Torreón,8,1270,164,271,14,2,3,0,6,0,0,460,2,462
Torreón,8,1271,294,358,16,1,7,0,2,0,0,678,7,685
Torreón,8,1272,184,383,8,2,1,0,6,0,0,584,3,587
Torreón,8,1273,283,251,5,4,5,0,2,0,0,550,3,553
Torreón,8,1274,263,284,1,3,2,0,1,0,0,554,6,560
Torreón,8,1275,294,259,10,8,8,0,11,0,0,590,9,599
Torreón,8,1276,250,381,14,9,4,0,7,0,0,665,7,672
Torreón,8,1277,275,352,14,9,2,0,4,0,0,656,15,671
Torreón,8,1278,176,312,6,3,0,0,1,0,0,498,15,513
Torreón,8,1279,158,189,9,0,3,0,1,0,0,360,8,368
Torreón,8,1280,109,203,2,1,0,0,0,0,0,315,2,317
Torreón,8,1281,103,179,4,3,3,0,4,0,0,296,2,298
Torreón,8,1282,167,188,4,3,0,0,5,0,0,367,5,372
Torreón,8,1283,293,335,4,4,7,0,3,0,0,646,11,657
Torreón,8,1284,104,219,3,0,1,0,1,0,0,328,419,747
Torreón,10,1285,263,332,5,1,0,0,4,0,0,605,6,611
Torreón,10,1286,198,150,9,1,4,0,3,0,0,365,5,370
Torreón,10,1287,221,267,7,2,3,0,1,0,0,501,2,503
Torreón,10,1288,52,142,9,0,1,0,1,0,0,205,1,206
Torreón,10,1289,114,203,4,0,1,0,0,0,0,322,11,333
Torreón,10,1290,158,178,6,2,1,0,1,0,0,346,6,352
Torreón,10,1291,231,305,13,6,10,0,1,0,0,566,7,573
Torreón,10,1292,170,245,3,4,5,0,1,0,0,428,5,433
Torreón,10,1293,119,206,4,1,2,0,0,0,0,332,2,334
Torreón,10,1294,113,361,5,2,2,0,1,0,0,484,6,490
Torreón,10,1295,152,252,5,1,4,0,1,0,0,415,0,415
Torreón,10,1296,155,279,7,2,4,0,0,0,0,447,4,451
Torreón,10,1297,120,225,6,1,3,0,0,0,0,355,3,358
Torreón,10,1298,203,258,12,6,2,0,0,0,0,481,4,485
Torreón,10,1299,139,255,6,1,3,0,1,0,0,405,7,412
Torreón,8,1300,149,273,10,8,25,0,0,0,0,465,11,476
Torreón,8,1301,176,254,10,6,3,0,1,0,0,450,6,456
Torreón,8,1302,157,254,10,3,4,0,0,0,0,428,230,658
Torreón,8,1303,108,236,1,2,0,0,0,0,0,347,1,348
Torreón,8,1304,104,178,2,1,4,0,3,0,0,292,3,295
Torreón,8,1305,50,154,1,0,8,0,3,0,0,216,5,221
Torreón,8,1306,129,274,8,2,9,0,2,0,0,424,6,430
Torreón,10,1307,133,283,7,2,3,0,5,0,0,433,12,445
Torreón,10,1308,164,242,5,3,0,0,4,0,0,418,3,421
Torreón,10,1309,171,427,18,7,4,0,6,0,0,633,8,641
Torreón,12,1310,628,456,28,8,13,0,4,0,0,1137,10,1147
Torreón,12,1311,297,363,24,9,7,0,3,0,0,703,5,708
Torreón,12,1312,368,273,9,9,6,0,1,0,0,666,5,671
Torreón,12,1313,182,342,28,3,2,0,3,0,0,560,13,573
Torreón,12,1314,300,429,21,3,7,0,1,0,0,761,18,779
Torreón,12,1315,388,277,12,10,5,0,5,0,0,697,9,706
Torreón,12,1316,282,227,16,13,10,0,3,0,0,551,0,551
Torreón,12,1317,447,285,10,7,2,0,0,0,0,751,7,758
Torreón,12,1318,301,316,19,8,12,0,6,0,0,662,8,670
Torreón,12,1319,285,281,35,6,7,0,3,0,0,617,8,625
Torreón,11,1320,545,429,72,11,19,0,6,0,0,1082,20,1102
Torreón,11,1321,173,275,6,4,3,0,1,0,0,462,5,467
Torreón,11,1322,392,405,25,8,9,0,6,0,0,845,16,861
Torreón,11,1323,309,417,40,2,6,0,2,0,0,776,8,784
Torreón,11,1324,233,353,18,7,2,0,0,0,0,613,6,619
Torreón,11,1325,287,283,23,3,4,0,2,0,0,602,6,608
Torreón,11,1326,307,349,18,7,1,0,1,0,0,683,6,689
Torreón,11,1327,254,405,16,19,4,0,3,0,0,701,6,707
Torreón,11,1328,319,261,24,5,11,0,1,0,0,621,3,624
Torreón,11,1329,308,466,18,22,4,0,0,0,0,818,5,823
Torreón,11,1330,296,337,20,16,4,0,2,0,0,675,0,675
Torreón,11,1331,293,233,16,4,4,0,0,0,0,550,9,559
Torreón,8,1332,358,340,10,4,7,0,5,0,0,724,3,727
Torreón,8,1333,363,246,7,2,3,0,2,0,0,623,30,653
Torreón,8,1334,325,190,12,4,3,0,4,0,0,538,7,545
Torreón,8,1335,178,138,22,5,3,0,3,0,0,349,1,350
Torreón,8,1336,366,353,14,7,4,0,2,0,0,746,12,758
Torreón,8,1337,257,261,15,2,5,0,3,0,0,543,3,546
Torreón,8,1338,319,348,18,4,5,0,1,0,0,695,10,705
Torreón,8,1339,428,321,17,6,3,0,5,0,0,780,2,782
Torreón,8,1340,332,316,17,16,3,0,0,0,0,684,9,693
Torreón,8,1341,250,348,35,7,2,0,4,0,0,646,17,663
Torreón,11,1342,230,346,14,13,4,0,0,0,0,607,4,611
Torreón,11,1343,264,483,29,23,2,0,1,0,0,802,11,813
Torreón,11,1344,118,372,11,11,1,0,2,0,0,515,12,527
Torreón,11,1345,266,374,15,34,7,0,1,0,0,697,13,710
Torreón,11,1346,248,394,25,18,4,0,5,0,0,694,5,699
Torreón,11,1347,192,376,14,5,5,0,1,0,0,593,7,600
Torreón,11,1348,288,287,25,4,6,0,3,0,0,613,9,622
Torreón,11,1349,326,311,33,6,5,0,2,0,0,683,16,699
Torreón,11,1350,2700,1727,92,23,34,0,17,0,0,4593,23,4616
Torreón,12,1351,1837,1335,72,20,31,0,10,0,0,3305,17,3322
Torreón,12,1352,93,313,14,8,2,0,5,0,0,435,19,454
Torreón,12,1353,233,416,12,6,3,0,10,0,0,680,27,707
Torreón,12,1354,1061,1068,28,10,17,0,4,0,0,2188,24,2212
Torreón,12,1355,408,321,7,7,5,0,4,0,0,752,5,757
Torreón,12,1356,328,244,5,2,4,0,0,0,0,583,4,587
Torreón,12,1357,230,247,5,2,6,0,3,0,0,493,2,495
Torreón,12,1358,317,292,12,7,13,0,5,0,0,646,2,648
Torreón,12,1359,338,366,11,8,7,0,0,0,0,730,9,739
Torreón,12,1360,2441,1388,75,30,28,0,8,0,0,3970,23,3993
Torreón,11,1361,443,400,16,10,6,0,3,0,0,878,14,892
Torreón,11,1362,479,317,11,4,4,0,4,0,0,819,12,831
Torreón,11,1363,345,336,21,5,3,0,1,0,0,711,25,736
Torreón,11,1364,380,222,14,8,2,0,1,0,0,627,2,629
Torreón,11,1365,1499,1406,96,23,14,0,7,0,0,3045,24,3069
Torreón,11,1366,402,249,13,5,3,0,1,0,0,673,10,683
Torreón,11,1367,513,354,18,7,7,0,0,0,0,899,5,904
Torreón,11,1368,441,299,45,4,4,0,1,0,0,794,6,800
Torreón,11,1369,329,248,8,5,7,0,1,0,0,598,4,602
Torreón,11,1370,235,130,14,5,2,0,0,0,0,386,4,390
Torreón,8,1371,285,209,5,2,1,0,5,0,0,507,8,515
Torreón,8,1372,263,221,11,5,3,0,0,0,0,503,5,508
Torreón,8,1373,327,213,9,2,5,0,1,0,0,557,6,563
Torreón,8,1374,431,227,15,7,7,0,3,0,0,690,17,707
Torreón,8,1375,350,235,6,6,0,0,1,0,0,598,11,609
Torreón,8,1376,466,178,15,6,7,0,1,0,0,673,4,677
Torreón,11,1377,505,288,13,6,5,0,3,0,0,820,10,830
Torreón,11,1378,372,233,22,5,3,0,1,0,0,636,5,641
Torreón,11,1379,308,150,11,0,1,0,2,0,0,472,4,476
Torreón,11,1380,630,245,13,5,5,0,2,0,0,900,6,906
Torreón,11,1381,437,182,14,3,7,0,2,0,0,645,5,650
Torreón,10,1382,1105,611,53,13,9,0,3,0,0,1794,11,1805
Torreón,11,1383,287,318,38,2,10,0,2,0,0,657,15,672
Torreón,11,1384,615,418,11,6,5,0,0,0,0,1055,10,1065
Torreón,11,1385,262,136,16,7,5,0,0,0,0,426,3,429
Torreón,11,1386,339,284,16,3,5,0,2,0,0,649,4,653
Torreón,11,1387,218,248,21,1,7,0,3,0,0,498,2,500
Torreón,10,1388,1172,481,32,11,6,0,5,0,0,1707,9,1716
Torreón,10,1389,264,230,9,5,2,0,3,0,0,513,0,513
Torreón,10,1390,402,348,12,5,8,0,1,0,0,776,4,780
Torreón,10,1391,733,169,10,0,3,0,1,0,0,916,3,919
Torreón,11,1392,632,159,11,2,10,0,1,0,0,815,3,818
Torreón,11,1393,744,175,4,6,5,0,3,0,0,937,3,940
Torreón,8,1394,257,124,6,1,3,0,2,0,0,393,1,394
Torreón,11,1395,643,210,13,3,4,0,1,0,0,874,9,883
Torreón,11,1396,181,126,21,2,4,0,0,0,0,334,1,335
Torreón,11,1397,366,290,16,4,8,0,1,0,0,685,2,687
Torreón,11,1398,666,254,27,7,5,0,4,0,0,963,7,970
Torreón,11,1399,542,279,15,10,7,0,2,0,0,855,14,869
Torreón,11,1400,516,144,11,5,1,0,1,0,0,678,4,682
Torreón,11,1401,554,143,9,2,3,0,1,0,0,712,11,723
Torreón,11,1402,680,211,21,1,6,0,1,0,0,920,5,925
Torreón,10,1403,701,216,6,2,2,0,1,0,0,928,4,932
Torreón,10,1404,503,182,12,4,1,0,5,0,0,707,3,710
Torreón,10,1405,529,182,13,3,3,0,7,0,0,737,6,743
Torreón,10,1406,680,200,16,14,7,0,7,0,0,924,4,928
Torreón,10,1407,912,355,19,4,10,0,6,0,0,1306,6,1312
Torreón,10,1408,536,199,13,6,2,0,3,0,0,759,7,766
Torreón,12,1409,3472,2501,95,34,40,0,16,0,0,6158,396,6554
Torreón,12,1410,292,447,20,8,7,0,5,0,0,779,23,802
Torreón,12,1411,1633,2781,185,35,36,0,9,0,0,4679,393,5072
Torreón,10,1412,260,319,13,4,7,0,1,0,0,604,6,610
Torreón,10,1413,442,204,11,8,3,0,2,0,0,670,5,675
Torreón,10,1414,461,307,9,11,7,0,3,0,0,798,275,1073
Torreón,10,1415,395,266,15,2,6,0,3,0,0,687,8,695
Torreón,10,1416,361,243,17,5,5,0,1,0,0,632,3,635
Torreón,10,1417,463,191,11,3,3,0,0,0,0,671,2,673
Torreón,10,1418,516,256,12,5,5,0,3,0,0,797,1,798
Torreón,10,1419,344,196,10,3,2,0,2,0,0,557,2,559
Torreón,10,1420,520,215,9,8,6,0,3,0,0,761,8,769
Torreón,10,1421,345,220,10,8,10,0,1,0,0,594,1,595
Torreón,10,1422,430,208,7,5,4,0,1,0,0,655,7,662
Torreón,10,1423,534,210,17,6,4,0,3,0,0,774,8,782
Torreón,10,1424,359,238,11,4,7,0,0,0,0,619,4,623
Torreón,10,1425,322,339,11,9,13,0,4,0,0,698,8,706
Torreón,10,1426,220,311,19,10,5,0,3,0,0,568,11,579
Torreón,10,1427,245,303,16,6,13,0,1,0,0,584,9,593
Torreón,10,1428,320,269,16,3,9,0,3,0,0,620,7,627
Torreón,10,1429,253,306,18,7,6,0,1,0,0,591,8,599
Torreón,10,1430,357,385,17,7,8,0,4,0,0,778,5,783
Torreón,10,1431,223,250,25,7,4,0,0,0,0,509,11,520
Torreón,10,1432,274,330,10,5,8,0,1,0,0,628,7,635
Torreón,10,1433,293,353,15,6,6,0,0,0,0,673,14,687
Torreón,10,1434,334,250,12,7,10,0,3,0,0,616,12,628
Torreón,10,1435,245,214,10,3,5,0,0,0,0,477,6,483
Torreón,10,1436,46,44,0,0,0,0,0,0,0,90,1,91
Torreón,10,1437,171,211,10,2,4,0,4,0,0,402,7,409
Torreón,10,1438,268,285,12,6,5,0,2,0,0,578,8,586
Torreón,10,1439,234,369,6,5,4,0,2,0,0,620,10,630
Torreón,10,1440,221,217,12,3,6,0,1,0,0,460,4,464
Torreón,10,1441,204,194,7,2,1,0,1,0,0,409,5,414
Torreón,10,1442,292,399,13,6,9,0,2,0,0,721,10,731
Torreón,10,1443,158,275,11,7,5,0,2,0,0,458,11,469
Torreón,10,1444,141,345,7,39,1,0,4,0,0,537,6,543
Torreón,10,1445,357,615,27,12,4,0,7,0,0,1022,13,1035
Torreón,10,1446,210,458,19,4,13,0,6,0,0,710,7,717
Torreón,10,1447,184,269,7,3,2,0,4,0,0,469,9,478
Torreón,10,1448,260,214,12,7,5,0,1,0,0,499,4,503
Torreón,10,1449,246,476,8,3,9,0,1,0,0,743,8,751
Torreón,12,1450,225,253,9,4,9,0,2,0,0,502,6,508
Torreón,12,1451,365,327,18,6,7,0,3,0,0,726,7,733
Torreón,12,1452,286,279,13,3,9,0,2,0,0,592,3,595
Torreón,12,1453,285,281,9,4,5,0,1,0,0,585,6,591
Torreón,12,1454,252,262,12,11,2,0,0,0,0,539,5,544
Torreón,12,1455,262,271,12,3,4,0,4,0,0,556,4,560
Torreón,12,1456,432,665,25,11,7,0,4,0,0,1144,10,1154
Torreón,10,1457,125,160,2,0,0,0,1,0,0,288,3,291
Torreón,10,1458,90,162,9,0,0,0,0,0,0,261,1,262
Torreón,9,1459,392,474,31,2,4,0,0,0,0,903,10,913
Torreón,9,1460,389,420,18,4,4,0,0,0,0,835,12,847
Torreón,9,1461,351,413,23,7,10,0,0,0,0,804,7,811
Torreón,9,1462,518,409,59,7,3,0,1,0,0,997,32,1029
Torreón,12,1463,336,547,50,6,2,0,7,0,0,948,16,964
Torreón,12,1464,318,509,35,5,6,0,0,0,0,873,28,901
Torreón,12,1465,366,356,19,2,5,0,5,0,0,753,298,1051
Torreón,12,1466,249,249,8,8,1,0,0,0,0,515,13,528
Torreón,12,1467,345,575,42,2,6,0,10,0,0,980,19,999
Torreón,12,1468,82,422,3,2,3,0,3,0,0,515,160,675
Torreón,12,1469,353,583,63,10,8,0,5,0,0,1022,23,1045
Torreón,8,1470,219,331,12,8,3,0,0,0,0,573,8,581
Torreón,8,1471,66,152,0,0,0,0,0,0,0,218,0,218
Torreón,8,1472,105,101,8,6,0,0,1,0,0,221,10,231
Torreón,8,1473,43,226,4,8,2,0,0,0,0,283,11,294
Torreón,8,1474,73,97,0,0,0,0,0,0,0,170,0,170
Viesca,7,1475,53,553,7,40,0,2,3,3,0,661,13,674
Viesca,7,1476,82,730,11,14,0,1,0,0,0,838,26,864
Viesca,7,1477,4,118,37,4,0,1,2,0,0,166,1,167
Viesca,7,1478,60,259,6,2,0,2,0,0,0,329,7,336
Viesca,7,1479,56,291,8,4,0,2,3,0,0,364,11,375
Viesca,7,1480,12,159,5,1,0,2,8,0,0,187,11,198
Viesca,7,1481,41,178,2,1,0,2,3,0,0,227,6,233
Viesca,7,1482,9,189,10,0,0,1,0,0,0,209,4,213
Viesca,7,1483,23,121,21,7,0,0,2,2,0,176,2,178
Viesca,7,1484,18,295,118,2,0,1,1,0,0,435,13,448
Viesca,7,1485,57,265,38,1,0,2,4,0,0,367,11,378
Viesca,7,1486,7,125,24,0,0,0,0,0,0,156,1,157
Viesca,0,1487,0,0,0,0,0,0,0,0,0,0,0,0
Viesca,7,1488,8,77,2,0,0,1,0,0,0,88,1,89
Viesca,7,1489,21,249,13,3,0,6,25,1,0,318,19,337
Viesca,7,1490,105,391,16,3,0,0,1,0,0,516,14,530
Viesca,7,1491,63,239,97,6,0,0,4,0,0,409,6,415
Viesca,7,1492,72,295,46,2,0,6,0,0,0,421,10,431
Viesca,7,1493,33,273,29,2,0,2,1,0,0,340,9,349
Viesca,7,1494,1,83,0,2,0,0,0,0,0,86,1,87
Viesca,7,1495,2,57,2,0,0,6,0,0,0,67,1,68
Viesca,7,1496,23,50,4,0,0,2,0,0,0,79,1,80
Viesca,7,1497,36,125,4,2,0,16,0,2,0,185,4,189
Villa Unión,17,1498,76,188,0,0,0,2,0,8,0,274,7,281
Villa Unión,17,1499,150,232,0,0,0,1,0,8,0,391,7,398
Villa Unión,17,1500,215,311,0,0,0,2,0,5,0,533,11,544
Villa Unión,17,1501,162,273,0,0,0,3,0,2,0,440,11,451
Villa Unión,17,1502,180,374,0,0,0,0,0,8,0,562,11,573
Villa Unión,17,1503,33,115,0,0,0,2,0,0,0,150,1,151
Villa Unión,17,1504,12,54,0,0,0,1,0,0,0,67,1,68
Villa Unión,17,1505,55,166,0,0,0,0,0,2,0,223,5,228
Zaragoza,19,1506,281,302,49,3,0,9,0,8,0,652,27,679
Zaragoza,19,1507,230,256,30,11,0,11,0,26,0,564,16,580
Zaragoza,19,1508,257,326,32,8,0,7,0,21,0,651,7,658
Zaragoza,19,1509,154,216,42,1,0,2,0,19,0,434,11,445
Zaragoza,19,1510,153,143,34,1,0,0,0,0,0,331,7,338
Zaragoza,19,1511,167,308,39,3,0,8,0,5,0,530,10,540
Zaragoza,19,1512,154,263,43,2,0,3,0,12,0,477,14,491
Zaragoza,19,1513,227,239,14,2,0,2,0,19,0,503,15,518
Zaragoza,0,1514,0,0,0,0,0,0,0,0,0,0,0,0
Zaragoza,19,1515,23,61,9,1,0,11,0,2,0,107,2,109
Zaragoza,19,1516,121,102,5,3,0,0,0,0,0,231,5,236
Zaragoza,19,1517,45,61,5,1,0,0,0,0,0,112,3,115
Zaragoza,19,1518,23,60,3,1,0,0,0,0,0,87,1,88
Zaragoza,0,1519,0,0,0,0,0,0,0,0,0,0,0,0
Zaragoza,19,1520,114,117,11,2,0,2,0,0,0,246,1,247
